Survived,Pclass,Fare,Embarked,FamilySize,DuplicatedTicket,Sex_0,Sex_1,Age_0,Age_1,Age_2,Age_3,Age_4,Age_5,LastName,Title
0,3,2.1102132003465894,2,2,False,0.0,1.0,1.0,0.0,0.0,0.0,0.0,0.0,100,2
1,1,4.2805931204649,0,2,False,1.0,0.0,1.0,0.0,0.0,0.0,0.0,0.0,182,3
1,3,2.188856327665703,2,1,False,1.0,0.0,1.0,0.0,0.0,0.0,0.0,0.0,329,1
1,1,3.9908341858524357,2,2,True,1.0,0.0,1.0,0.0,0.0,0.0,0.0,0.0,267,3
0,3,2.2027647577118348,2,1,False,0.0,1.0,1.0,0.0,0.0,0.0,0.0,0.0,15,2
0,3,2.246892662898172,1,1,False,0.0,1.0,1.0,0.0,0.0,0.0,0.0,0.0,538,2
0,1,3.967694202798607,2,1,False,0.0,1.0,0.0,0.0,0.0,0.0,1.0,0.0,500,2
0,3,3.094445746490024,2,5,True,0.0,1.0,0.0,1.0,0.0,0.0,0.0,0.0,608,0
1,3,2.4959537387180646,2,3,True,1.0,0.0,1.0,0.0,0.0,0.0,0.0,0.0,382,3
1,2,3.436268471383741,0,2,True,1.0,0.0,0.0,0.0,0.0,0.0,0.0,1.0,559,3
1,3,2.8735646395797834,2,3,True,1.0,0.0,0.0,0.0,1.0,0.0,0.0,0.0,707,1
1,1,3.3160025355989236,2,1,False,1.0,0.0,0.0,0.0,0.0,0.0,1.0,0.0,86,1
0,3,2.2027647577118348,2,1,False,0.0,1.0,0.0,0.0,0.0,0.0,0.0,1.0,709,2
0,3,3.4742929367327062,2,7,True,0.0,1.0,1.0,0.0,0.0,0.0,0.0,0.0,21,2
0,3,2.180891922715322,2,1,False,1.0,0.0,0.0,0.0,0.0,0.0,0.0,1.0,821,1
1,2,2.833213344056216,2,1,False,1.0,0.0,0.0,0.0,0.0,0.0,1.0,0.0,336,3
0,3,3.405355391810819,1,6,True,0.0,1.0,0.0,1.0,0.0,0.0,0.0,0.0,664,0
1,2,2.639057329615259,2,1,False,0.0,1.0,1.0,0.0,0.0,0.0,0.0,0.0,850,2
0,3,2.9444389791664403,2,2,False,1.0,0.0,1.0,0.0,0.0,0.0,0.0,0.0,817,3
1,3,2.1071782966514356,0,1,False,1.0,0.0,1.0,0.0,0.0,0.0,0.0,0.0,494,3
0,2,3.295836866004329,2,1,True,0.0,1.0,1.0,0.0,0.0,0.0,0.0,0.0,268,2
1,2,2.639057329615259,2,1,False,0.0,1.0,1.0,0.0,0.0,0.0,0.0,0.0,68,2
1,3,2.2004637699272855,1,1,False,1.0,0.0,0.0,0.0,0.0,0.0,0.0,1.0,509,1
1,1,3.597312260588446,2,1,False,0.0,1.0,1.0,0.0,0.0,0.0,0.0,0.0,744,2
0,3,3.094445746490024,2,5,True,1.0,0.0,0.0,0.0,1.0,0.0,0.0,0.0,608,1
1,3,3.4777725458882283,2,7,True,1.0,0.0,1.0,0.0,0.0,0.0,0.0,0.0,33,3
0,3,2.1071782966514356,0,1,False,0.0,1.0,1.0,0.0,0.0,0.0,0.0,0.0,237,2
0,1,5.575949103146316,2,6,True,0.0,1.0,0.0,0.0,0.0,0.0,0.0,1.0,257,2
1,3,2.1837114628556327,1,1,False,1.0,0.0,1.0,0.0,0.0,0.0,0.0,0.0,587,1
0,3,2.1855792552411137,2,1,False,0.0,1.0,1.0,0.0,0.0,0.0,0.0,0.0,794,2
0,1,3.357621598945279,0,1,False,0.0,1.0,0.0,0.0,0.0,0.0,1.0,0.0,810,2
1,1,4.993969182787072,0,2,True,1.0,0.0,1.0,0.0,0.0,0.0,0.0,0.0,755,3
1,3,2.169053700369523,1,1,False,1.0,0.0,1.0,0.0,0.0,0.0,0.0,0.0,287,1
0,2,2.4423470353692043,2,1,False,0.0,1.0,0.0,0.0,0.0,1.0,0.0,0.0,838,2
0,1,4.420896324687287,0,2,True,0.0,1.0,1.0,0.0,0.0,0.0,0.0,0.0,520,2
0,1,3.970291913552122,2,2,True,0.0,1.0,0.0,0.0,0.0,0.0,1.0,0.0,349,2
1,3,2.1076888046179385,0,1,False,0.0,1.0,1.0,0.0,0.0,0.0,0.0,0.0,485,2
0,3,2.2027647577118348,2,1,False,0.0,1.0,1.0,0.0,0.0,0.0,0.0,0.0,124,2
0,3,2.9444389791664403,2,3,True,1.0,0.0,0.0,0.0,0.0,0.0,0.0,1.0,817,1
1,3,2.5048481563289,0,2,True,1.0,0.0,0.0,0.0,0.0,0.0,0.0,1.0,569,1
0,3,2.3489914658082016,2,2,False,1.0,0.0,0.0,0.0,0.0,0.0,1.0,0.0,8,3
0,2,3.091042453358316,2,2,True,1.0,0.0,1.0,0.0,0.0,0.0,0.0,0.0,809,3
0,3,2.1855792552411137,0,1,False,0.0,1.0,1.0,0.0,0.0,0.0,0.0,0.0,415,2
1,2,3.7513658711253766,0,4,True,1.0,0.0,0.0,0.0,1.0,0.0,0.0,0.0,428,1
1,3,2.1837114628556327,1,1,False,1.0,0.0,0.0,0.0,0.0,0.0,0.0,1.0,205,1
0,3,2.2027647577118348,2,1,False,0.0,1.0,1.0,0.0,0.0,0.0,0.0,0.0,677,2
0,3,2.803360380906535,1,2,False,0.0,1.0,1.0,0.0,0.0,0.0,0.0,0.0,440,2
1,3,2.169053700369523,1,1,False,1.0,0.0,1.0,0.0,0.0,0.0,0.0,0.0,586,1
0,3,3.121448204868825,0,3,False,0.0,1.0,1.0,0.0,0.0,0.0,0.0,0.0,706,2
0,3,2.9338568698359033,2,2,True,1.0,0.0,0.0,0.0,0.0,0.0,0.0,1.0,28,3
0,3,3.705920919968788,2,6,True,0.0,1.0,0.0,0.0,1.0,0.0,0.0,0.0,609,0
0,3,2.174751721484161,2,1,False,0.0,1.0,1.0,0.0,0.0,0.0,0.0,0.0,576,2
1,1,4.353230991152628,0,2,True,1.0,0.0,0.0,0.0,0.0,0.0,1.0,0.0,315,3
1,2,3.295836866004329,2,2,False,1.0,0.0,1.0,0.0,0.0,0.0,0.0,0.0,246,3
0,1,4.142804513146981,0,2,False,0.0,1.0,0.0,0.0,0.0,1.0,0.0,0.0,601,2
1,1,3.597312260588446,2,1,False,0.0,1.0,1.0,0.0,0.0,0.0,0.0,0.0,857,2
1,2,2.4423470353692043,2,1,False,1.0,0.0,1.0,0.0,0.0,0.0,0.0,0.0,690,1
0,3,2.1076888046179385,0,1,False,0.0,1.0,1.0,0.0,0.0,0.0,0.0,0.0,578,2
1,2,3.3586377672433594,2,4,True,1.0,0.0,0.0,0.0,1.0,0.0,0.0,0.0,836,1
0,3,3.8691155044168695,2,8,True,0.0,1.0,0.0,0.0,1.0,0.0,0.0,0.0,292,0
0,3,2.1076888046179385,0,1,False,0.0,1.0,1.0,0.0,0.0,0.0,0.0,0.0,733,2
1,1,4.394449154672439,2,1,True,1.0,0.0,1.0,0.0,0.0,0.0,0.0,0.0,361,1
0,1,4.436455632600354,2,2,True,0.0,1.0,0.0,0.0,0.0,0.0,1.0,0.0,317,2
0,3,3.3638415951183864,2,6,True,0.0,1.0,0.0,0.0,1.0,0.0,0.0,0.0,739,0
0,1,3.357621598945279,0,1,False,0.0,1.0,1.0,0.0,0.0,0.0,0.0,0.0,765,2
1,3,2.7878344138303452,0,3,True,0.0,1.0,1.0,0.0,0.0,0.0,0.0,0.0,543,0
1,2,2.4423470353692043,2,1,False,1.0,0.0,1.0,0.0,0.0,0.0,0.0,0.0,579,3
0,3,2.2146605719425225,2,1,False,0.0,1.0,0.0,0.0,0.0,0.0,0.0,1.0,178,2
1,3,2.188856327665703,2,7,False,1.0,0.0,0.0,0.0,0.0,0.0,0.0,1.0,21,1
0,3,2.2682524139135403,2,3,False,0.0,1.0,1.0,0.0,0.0,0.0,0.0,0.0,409,2
0,2,2.4423470353692043,2,1,False,0.0,1.0,1.0,0.0,0.0,0.0,0.0,0.0,374,2
0,3,3.8691155044168695,2,8,True,1.0,0.0,0.0,0.0,0.0,0.0,0.0,1.0,292,1
0,2,4.310799125385514,2,1,True,0.0,1.0,1.0,0.0,0.0,0.0,0.0,0.0,352,2
0,3,2.737880811060884,0,2,False,0.0,1.0,1.0,0.0,0.0,0.0,0.0,0.0,149,2
1,3,4.051711901657239,2,1,True,0.0,1.0,1.0,0.0,0.0,0.0,0.0,0.0,76,2
0,3,2.157559320943788,2,1,False,0.0,1.0,1.0,0.0,0.0,0.0,0.0,0.0,533,2
0,3,2.1855792552411137,2,1,False,0.0,1.0,1.0,0.0,0.0,0.0,0.0,0.0,758,2
0,3,2.2027647577118348,2,1,False,0.0,1.0,1.0,0.0,0.0,0.0,0.0,0.0,545,2
1,2,3.4011973816621555,2,3,True,0.0,1.0,0.0,1.0,0.0,0.0,0.0,0.0,118,0
1,3,2.600836116795061,2,1,True,1.0,0.0,1.0,0.0,0.0,0.0,0.0,0.0,217,1
0,3,2.302585092994046,2,1,False,0.0,1.0,1.0,0.0,0.0,0.0,0.0,0.0,823,2
1,3,2.3513752571634776,2,1,False,0.0,1.0,1.0,0.0,0.0,0.0,0.0,0.0,720,2
1,3,2.1733302571367834,1,1,False,1.0,0.0,1.0,0.0,0.0,0.0,0.0,0.0,505,1
0,1,3.8732821771117156,2,1,False,0.0,1.0,1.0,0.0,0.0,0.0,0.0,0.0,130,2
1,2,2.4423470353692043,2,1,False,1.0,0.0,0.0,0.0,0.0,0.0,0.0,1.0,362,1
1,3,2.8243506567983707,2,4,True,1.0,0.0,1.0,0.0,0.0,0.0,0.0,0.0,43,3
0,3,3.5660053559634015,2,5,True,0.0,1.0,0.0,0.0,0.0,0.0,0.0,1.0,255,2
0,3,2.2027647577118348,2,1,False,0.0,1.0,1.0,0.0,0.0,0.0,0.0,0.0,743,2
1,1,5.575949103146316,2,6,True,1.0,0.0,1.0,0.0,0.0,0.0,0.0,0.0,257,1
0,3,2.2027647577118348,2,1,False,0.0,1.0,1.0,0.0,0.0,0.0,0.0,0.0,136,2
0,3,2.2027647577118348,2,1,False,0.0,1.0,1.0,0.0,0.0,0.0,0.0,0.0,147,2
0,3,2.180891922715322,2,1,False,0.0,1.0,0.0,0.0,0.0,0.0,0.0,1.0,22,2
0,1,4.1299529896894684,2,2,False,0.0,1.0,0.0,0.0,0.0,0.0,1.0,0.0,137,2
0,3,3.0715352369694915,2,4,True,0.0,1.0,1.0,0.0,0.0,0.0,0.0,0.0,199,2
0,3,2.1102132003465894,2,1,False,0.0,1.0,0.0,0.0,0.0,0.0,1.0,0.0,176,2
0,3,2.2027647577118348,2,1,False,0.0,1.0,1.0,0.0,0.0,0.0,0.0,0.0,724,2
0,1,3.57386695198272,0,1,False,0.0,1.0,0.0,0.0,0.0,1.0,0.0,0.0,289,2
1,1,4.164465907853638,0,2,False,0.0,1.0,1.0,0.0,0.0,0.0,0.0,0.0,297,2
1,2,3.1780538303479458,2,2,True,1.0,0.0,1.0,0.0,0.0,0.0,0.0,0.0,213,3
0,2,3.295836866004329,2,2,True,0.0,1.0,1.0,0.0,0.0,0.0,0.0,0.0,391,2
0,3,2.1855792552411137,2,1,False,1.0,0.0,1.0,0.0,0.0,0.0,0.0,0.0,637,1
0,3,2.1855792552411137,2,1,False,0.0,1.0,1.0,0.0,0.0,0.0,0.0,0.0,638,2
0,1,4.360387947851531,2,2,True,0.0,1.0,1.0,0.0,0.0,0.0,0.0,0.0,840,2
0,3,2.267393053825037,2,1,False,0.0,1.0,1.0,0.0,0.0,0.0,0.0,0.0,380,2
0,3,2.188856327665703,2,3,False,0.0,1.0,1.0,0.0,0.0,0.0,0.0,0.0,301,2
0,3,2.1855792552411137,2,1,False,0.0,1.0,1.0,0.0,0.0,0.0,0.0,0.0,528,2
1,3,2.157559320943788,2,1,False,1.0,0.0,1.0,0.0,0.0,0.0,0.0,0.0,703,1
1,3,2.1719067693519296,2,1,False,0.0,1.0,1.0,0.0,0.0,0.0,0.0,0.0,542,2
0,3,2.1855792552411137,2,1,False,0.0,1.0,1.0,0.0,0.0,0.0,0.0,0.0,658,2
1,3,3.224857896545748,1,2,True,1.0,0.0,1.0,0.0,0.0,0.0,0.0,0.0,538,1
0,1,3.970291913552122,2,1,True,0.0,1.0,0.0,0.0,0.0,0.0,1.0,0.0,649,2
0,3,2.737880811060884,0,2,True,1.0,0.0,0.0,0.0,0.0,0.0,0.0,1.0,865,1
0,3,2.2027647577118348,2,1,False,0.0,1.0,1.0,0.0,0.0,0.0,0.0,0.0,57,2
0,3,2.3818582738885534,2,2,False,1.0,0.0,0.0,0.0,0.0,0.0,0.0,1.0,388,1
0,3,2.738146075922933,0,1,True,1.0,0.0,0.0,0.0,0.0,0.0,0.0,1.0,38,1
0,3,2.188856327665703,2,1,False,0.0,1.0,1.0,0.0,0.0,0.0,0.0,0.0,625,2
0,3,2.169053700369523,1,1,False,0.0,1.0,0.0,0.0,0.0,1.0,0.0,0.0,167,2
0,2,3.091042453358316,2,2,True,0.0,1.0,1.0,0.0,0.0,0.0,0.0,0.0,809,2
0,1,5.515526544247129,0,2,True,0.0,1.0,1.0,0.0,0.0,0.0,0.0,0.0,60,2
0,3,3.4742929367327062,2,7,True,1.0,0.0,0.0,1.0,0.0,0.0,0.0,0.0,21,1
0,2,4.310799125385514,2,3,True,0.0,1.0,1.0,0.0,0.0,0.0,0.0,0.0,337,2
0,3,2.2027647577118348,2,1,False,0.0,1.0,1.0,0.0,0.0,0.0,0.0,0.0,537,2
0,2,3.436268471383741,0,2,True,0.0,1.0,1.0,0.0,0.0,0.0,0.0,0.0,559,2
1,2,2.639057329615259,2,1,False,1.0,0.0,1.0,0.0,0.0,0.0,0.0,0.0,831,1
0,1,4.360387947851531,2,2,True,0.0,1.0,0.0,0.0,0.0,0.0,1.0,0.0,840,2
1,3,2.5048481563289,0,2,True,0.0,1.0,0.0,0.0,1.0,0.0,0.0,0.0,569,0
0,3,2.169053700369523,1,1,False,0.0,1.0,1.0,0.0,0.0,0.0,0.0,0.0,511,2
1,3,2.0969990034181696,2,1,False,0.0,1.0,1.0,0.0,0.0,0.0,0.0,0.0,476,2
1,3,3.1509523813392697,0,3,True,1.0,0.0,1.0,0.0,0.0,0.0,0.0,0.0,634,1
0,3,2.076311648670908,2,1,False,0.0,1.0,0.0,0.0,0.0,0.0,1.0,0.0,233,2
0,3,2.1855792552411137,0,1,False,0.0,1.0,1.0,0.0,0.0,0.0,0.0,0.0,221,2
0,3,2.085672091430472,2,1,False,0.0,1.0,0.0,0.0,0.0,0.0,0.0,1.0,154,2
0,3,2.740840023925201,2,2,False,1.0,0.0,0.0,0.0,0.0,0.0,1.0,0.0,675,3
1,2,3.295836866004329,2,2,False,1.0,0.0,1.0,0.0,0.0,0.0,0.0,0.0,833,3
0,2,2.639057329615259,2,1,False,0.0,1.0,1.0,0.0,0.0,0.0,0.0,0.0,750,2
0,2,2.775447133088262,0,1,False,0.0,1.0,1.0,0.0,0.0,0.0,0.0,0.0,665,2
1,1,3.3062747934011893,2,3,False,1.0,0.0,0.0,0.0,0.0,0.0,0.0,1.0,566,1
0,1,3.9908341858524357,2,2,True,0.0,1.0,1.0,0.0,0.0,0.0,0.0,0.0,267,2
0,3,2.3240236363515288,2,1,True,0.0,1.0,0.0,0.0,0.0,0.0,0.0,1.0,599,2
0,1,4.384523514872469,0,1,True,0.0,1.0,1.0,0.0,0.0,0.0,0.0,0.0,279,2
0,3,2.7878344138303452,0,3,True,1.0,0.0,1.0,0.0,0.0,0.0,0.0,0.0,90,3
1,3,2.169053700369523,2,1,False,1.0,0.0,1.0,0.0,0.0,0.0,0.0,0.0,580,1
1,3,2.8243506567983707,2,2,True,1.0,0.0,1.0,0.0,0.0,0.0,0.0,0.0,305,3
0,3,2.0476928433652555,1,1,False,0.0,1.0,0.0,0.0,0.0,0.0,0.0,1.0,108,2
0,2,2.5257286443082556,2,1,False,0.0,1.0,0.0,0.0,0.0,0.0,0.0,1.0,23,2
0,2,3.6309854756950335,2,3,True,0.0,1.0,0.0,0.0,0.0,0.0,0.0,1.0,567,2
1,3,2.174274334826008,2,1,False,0.0,1.0,1.0,0.0,0.0,0.0,0.0,0.0,21,2
0,3,3.5660053559634015,2,5,True,1.0,0.0,0.0,0.0,1.0,0.0,0.0,0.0,255,1
0,2,3.295836866004329,2,3,True,0.0,1.0,1.0,0.0,0.0,0.0,0.0,0.0,562,2
0,2,2.639057329615259,2,1,False,0.0,1.0,0.0,0.0,0.0,0.0,1.0,0.0,113,4
0,2,2.6045398247325453,2,1,False,0.0,1.0,0.0,0.0,0.0,0.0,1.0,0.0,58,4
1,1,4.213607983048918,2,2,True,1.0,0.0,1.0,0.0,0.0,0.0,0.0,0.0,622,3
0,3,2.2027647577118348,2,1,False,0.0,1.0,0.0,0.0,0.0,0.0,1.0,0.0,518,2
0,3,2.740840023925201,2,3,False,0.0,1.0,0.0,0.0,0.0,0.0,1.0,0.0,873,2
0,3,2.1177604059819726,2,1,False,0.0,1.0,1.0,0.0,0.0,0.0,0.0,0.0,594,2
0,1,4.133231886474144,0,2,False,0.0,1.0,0.0,0.0,0.0,0.0,1.0,0.0,850,2
1,3,2.167143305297764,1,1,False,1.0,0.0,0.0,0.0,0.0,0.0,0.0,1.0,285,1
0,3,2.2027647577118348,2,1,False,0.0,1.0,1.0,0.0,0.0,0.0,0.0,0.0,172,2
0,3,2.2682524139135403,2,1,False,0.0,1.0,1.0,0.0,0.0,0.0,0.0,0.0,746,2
0,3,4.256321678298823,2,11,True,0.0,1.0,1.0,0.0,0.0,0.0,0.0,0.0,700,0
0,3,2.8390784635086144,2,2,False,0.0,1.0,0.0,0.0,0.0,0.0,1.0,0.0,179,2
1,2,2.8183982582710754,2,1,False,1.0,0.0,0.0,0.0,0.0,0.0,1.0,0.0,830,3
0,3,2.1719067693519296,2,1,False,0.0,1.0,1.0,0.0,0.0,0.0,0.0,0.0,70,2
0,3,2.2682524139135403,2,1,False,0.0,1.0,0.0,0.0,0.0,0.0,0.0,1.0,119,2
0,3,3.705920919968788,2,6,True,0.0,1.0,0.0,1.0,0.0,0.0,0.0,0.0,609,0
1,3,3.0692150503137943,2,3,True,0.0,1.0,0.0,0.0,1.0,0.0,0.0,0.0,290,0
1,1,4.02535169073515,2,2,True,1.0,0.0,1.0,0.0,0.0,0.0,0.0,0.0,144,3
0,3,3.3638415951183864,2,6,True,1.0,0.0,0.0,0.0,0.0,0.0,1.0,0.0,739,3
0,1,3.2930552230424524,2,1,False,0.0,1.0,1.0,0.0,0.0,0.0,0.0,0.0,59,2
0,3,4.051711901657239,2,1,True,0.0,1.0,1.0,0.0,0.0,0.0,0.0,0.0,456,2
0,1,3.5409593240373143,2,1,False,0.0,1.0,0.0,0.0,0.0,1.0,0.0,0.0,812,2
0,3,3.405355391810819,1,6,True,0.0,1.0,0.0,0.0,1.0,0.0,0.0,0.0,664,0
1,3,2.4959537387180646,2,3,True,1.0,0.0,0.0,1.0,0.0,0.0,0.0,0.0,382,1
0,3,2.188856327665703,2,1,False,0.0,1.0,1.0,0.0,0.0,0.0,0.0,0.0,736,2
0,1,3.4561841799918147,0,1,False,0.0,1.0,0.0,0.0,0.0,0.0,1.0,0.0,747,2
0,3,2.180891922715322,2,3,False,0.0,1.0,0.0,0.0,0.0,0.0,0.0,1.0,413,2
0,3,3.275887339030031,2,5,True,0.0,1.0,1.0,0.0,0.0,0.0,0.0,0.0,434,0
0,1,3.391567832686312,0,1,False,1.0,0.0,0.0,0.0,0.0,0.0,1.0,0.0,365,1
0,2,2.639057329615259,2,1,False,0.0,1.0,1.0,0.0,0.0,0.0,0.0,0.0,306,2
0,3,0.0,2,1,True,0.0,1.0,1.0,0.0,0.0,0.0,0.0,0.0,441,2
0,3,4.256321678298823,2,11,True,1.0,0.0,1.0,0.0,0.0,0.0,0.0,0.0,700,1
0,2,2.775708849576025,0,1,False,0.0,1.0,1.0,0.0,0.0,0.0,0.0,0.0,630,2
0,3,3.4777725458882283,2,7,True,0.0,1.0,0.0,0.0,1.0,0.0,0.0,0.0,33,0
1,2,3.6888794541139363,2,4,True,0.0,1.0,0.0,1.0,0.0,0.0,0.0,0.0,66,0
1,3,3.1365805821413706,2,3,False,1.0,0.0,0.0,0.0,1.0,0.0,0.0,0.0,410,1
0,1,3.9318256327243257,2,1,False,0.0,1.0,1.0,0.0,0.0,0.0,0.0,0.0,680,2
1,3,2.803360380906535,1,2,True,1.0,0.0,1.0,0.0,0.0,0.0,0.0,0.0,582,3
1,1,3.3160025355989236,2,1,False,0.0,1.0,0.0,0.0,0.0,0.0,1.0,0.0,678,2
0,3,2.803360380906535,1,3,True,0.0,1.0,0.0,0.0,0.0,0.0,1.0,0.0,91,2
0,3,2.1855792552411137,2,1,False,0.0,1.0,1.0,0.0,0.0,0.0,0.0,0.0,806,2
1,2,2.639057329615259,2,1,False,1.0,0.0,1.0,0.0,0.0,0.0,0.0,0.0,644,3
0,2,2.639057329615259,2,1,False,0.0,1.0,0.0,0.0,0.0,0.0,0.0,1.0,126,2
1,3,2.180891922715322,2,2,False,1.0,0.0,0.0,0.0,0.0,0.0,0.0,1.0,19,1
1,2,3.295836866004329,2,3,True,0.0,1.0,0.0,0.0,1.0,0.0,0.0,0.0,562,0
1,1,3.357621598945279,0,1,False,1.0,0.0,0.0,0.0,0.0,0.0,1.0,0.0,104,3
1,1,4.993969182787072,0,1,True,1.0,0.0,0.0,0.0,0.0,0.0,1.0,0.0,470,1
0,3,2.169053700369523,1,1,False,0.0,1.0,1.0,0.0,0.0,0.0,0.0,0.0,519,2
0,3,2.241156397997397,2,2,False,0.0,1.0,0.0,0.0,0.0,0.0,1.0,0.0,594,2
1,3,2.169053700369523,1,1,False,1.0,0.0,1.0,0.0,0.0,0.0,0.0,0.0,474,1
0,2,2.639057329615259,2,1,False,1.0,0.0,1.0,0.0,0.0,0.0,0.0,0.0,864,1
0,3,2.3513752571634776,2,1,False,0.0,1.0,1.0,0.0,0.0,0.0,0.0,0.0,814,2
0,3,4.256321678298823,2,11,True,0.0,1.0,1.0,0.0,0.0,0.0,0.0,0.0,700,2
0,3,2.0143428636837015,2,1,False,0.0,1.0,1.0,0.0,0.0,0.0,0.0,0.0,379,2
0,3,2.1071782966514356,0,1,False,0.0,1.0,0.0,0.0,0.0,0.0,1.0,0.0,861,2
1,3,2.2027647577118348,2,1,False,0.0,1.0,0.0,0.0,0.0,0.0,0.0,1.0,155,2
0,3,2.4390808375825834,2,2,True,1.0,0.0,0.0,1.0,0.0,0.0,0.0,0.0,774,1
0,3,2.8243506567983707,2,2,True,0.0,1.0,1.0,0.0,0.0,0.0,0.0,0.0,43,2
1,3,2.9850504252071306,0,1,True,0.0,1.0,1.0,0.0,0.0,0.0,0.0,0.0,10,2
1,3,2.169053700369523,1,1,False,1.0,0.0,0.0,0.0,0.0,0.0,0.0,1.0,129,1
1,1,3.4657359027997265,0,1,False,0.0,1.0,0.0,0.0,0.0,0.0,1.0,0.0,85,2
0,3,2.085672091430472,2,1,False,0.0,1.0,1.0,0.0,0.0,0.0,0.0,0.0,14,2
1,2,3.091042453358316,2,1,False,1.0,0.0,1.0,0.0,0.0,0.0,0.0,0.0,120,1
0,3,2.1102132003465894,2,1,False,0.0,1.0,1.0,0.0,0.0,0.0,0.0,0.0,629,2
0,2,2.639057329615259,2,1,False,0.0,1.0,1.0,0.0,0.0,0.0,0.0,0.0,286,2
0,3,2.169053700369523,1,2,False,0.0,1.0,1.0,0.0,0.0,0.0,0.0,0.0,406,2
1,1,4.738607824217808,0,2,True,1.0,0.0,1.0,0.0,0.0,0.0,0.0,0.0,565,1
1,3,2.188856327665703,2,1,False,1.0,0.0,1.0,0.0,0.0,0.0,0.0,0.0,351,1
0,2,3.332204510175204,2,2,True,0.0,1.0,0.0,0.0,0.0,0.0,1.0,0.0,368,2
1,1,4.347586575960343,0,1,False,1.0,0.0,1.0,0.0,0.0,0.0,0.0,0.0,61,1
0,2,2.4423470353692043,2,1,False,0.0,1.0,1.0,0.0,0.0,0.0,0.0,0.0,317,2
1,3,2.2027647577118348,2,1,False,0.0,1.0,0.0,0.0,0.0,0.0,0.0,1.0,775,2
0,2,2.639057329615259,2,1,False,0.0,1.0,1.0,0.0,0.0,0.0,0.0,0.0,95,2
0,3,2.2027647577118348,2,1,False,0.0,1.0,0.0,0.0,0.0,0.0,1.0,0.0,295,2
0,3,2.1855792552411137,2,1,False,0.0,1.0,1.0,0.0,0.0,0.0,0.0,0.0,563,2
1,1,4.51085950651685,2,2,True,0.0,1.0,1.0,0.0,0.0,0.0,0.0,0.0,356,2
0,3,2.336986519711378,2,1,False,0.0,1.0,1.0,0.0,0.0,0.0,0.0,0.0,72,2
1,2,2.4423470353692043,2,1,False,0.0,1.0,0.0,0.0,0.0,0.0,0.0,1.0,517,2
0,3,2.1102132003465894,2,1,False,0.0,1.0,0.0,0.0,0.0,0.0,0.0,1.0,465,2
0,2,2.639057329615259,2,1,False,0.0,1.0,0.0,0.0,0.0,0.0,0.0,1.0,243,2
0,3,3.275887339030031,2,5,True,1.0,0.0,1.0,0.0,0.0,0.0,0.0,0.0,434,1
1,1,4.436455632600354,2,2,True,1.0,0.0,1.0,0.0,0.0,0.0,0.0,0.0,317,3
0,3,2.1719067693519296,2,1,False,0.0,1.0,1.0,0.0,0.0,0.0,0.0,0.0,429,2
0,2,2.6741486494265287,2,1,False,0.0,1.0,0.0,0.0,0.0,0.0,1.0,0.0,738,2
1,3,3.4777725458882283,2,7,True,1.0,0.0,0.0,0.0,1.0,0.0,0.0,0.0,33,1
0,2,2.4423470353692043,2,1,False,0.0,1.0,1.0,0.0,0.0,0.0,0.0,0.0,446,2
0,3,2.145931282948669,2,1,False,1.0,0.0,1.0,0.0,0.0,0.0,0.0,0.0,313,1
0,2,3.295836866004329,2,2,False,0.0,1.0,0.0,0.0,0.0,0.0,1.0,0.0,346,2
1,2,3.305053521109253,2,3,True,1.0,0.0,0.0,0.0,1.0,0.0,0.0,0.0,162,1
0,2,2.4423470353692043,2,1,False,0.0,1.0,0.0,0.0,0.0,0.0,0.0,1.0,628,2
0,2,2.5858825671280026,2,1,False,0.0,1.0,1.0,0.0,0.0,0.0,0.0,0.0,358,2
0,3,2.737880811060884,0,2,True,1.0,0.0,1.0,0.0,0.0,0.0,0.0,0.0,865,1
1,3,2.803360380906535,1,2,True,1.0,0.0,1.0,0.0,0.0,0.0,0.0,0.0,550,1
0,2,2.4423470353692043,2,1,False,0.0,1.0,1.0,0.0,0.0,0.0,0.0,0.0,158,2
0,3,2.094945728215801,2,1,False,0.0,1.0,1.0,0.0,0.0,0.0,0.0,0.0,477,2
0,3,2.1071782966514356,0,1,False,0.0,1.0,1.0,0.0,0.0,0.0,0.0,0.0,38,2
0,1,4.51085950651685,1,3,True,0.0,1.0,0.0,0.0,0.0,0.0,1.0,0.0,525,4
0,3,2.1719067693519296,2,1,False,1.0,0.0,1.0,0.0,0.0,0.0,0.0,0.0,448,1
1,2,2.740840023925201,2,3,True,1.0,0.0,1.0,0.0,0.0,0.0,0.0,0.0,307,3
1,1,3.9806942251907276,2,3,True,0.0,1.0,1.0,0.0,0.0,0.0,0.0,0.0,67,2
0,2,3.295836866004329,2,2,True,0.0,1.0,0.0,0.0,0.0,0.0,1.0,0.0,131,4
0,3,2.1102132003465894,2,1,False,0.0,1.0,1.0,0.0,0.0,0.0,0.0,0.0,656,2
0,3,2.4390808375825834,2,3,True,1.0,0.0,1.0,0.0,0.0,0.0,0.0,0.0,774,3
0,1,3.3160025355989236,2,1,False,0.0,1.0,0.0,0.0,0.0,1.0,0.0,0.0,762,2
0,3,2.8390784635086144,2,2,True,0.0,1.0,1.0,0.0,0.0,0.0,0.0,0.0,459,2
0,3,3.0545906305603445,2,3,True,1.0,0.0,0.0,0.0,0.0,0.0,1.0,0.0,681,3
1,3,2.7878344138303452,0,3,False,1.0,0.0,1.0,0.0,0.0,0.0,0.0,0.0,801,3
1,1,4.384523514872469,0,1,False,1.0,0.0,1.0,0.0,0.0,0.0,0.0,0.0,790,3
1,1,4.471638793363569,2,1,True,1.0,0.0,1.0,0.0,0.0,0.0,0.0,0.0,142,1
1,1,6.240917354759096,0,1,True,1.0,0.0,1.0,0.0,0.0,0.0,0.0,0.0,826,1
1,2,3.295836866004329,2,2,True,1.0,0.0,0.0,0.0,0.0,0.0,1.0,0.0,613,3
0,3,2.169053700369523,1,1,False,0.0,1.0,1.0,0.0,0.0,0.0,0.0,0.0,747,2
1,3,3.4777725458882283,2,7,True,0.0,1.0,0.0,0.0,1.0,0.0,0.0,0.0,33,0
0,1,4.390118804571218,2,3,True,0.0,1.0,0.0,0.0,0.0,0.0,1.0,0.0,783,2
0,1,0.0,2,1,False,0.0,1.0,0.0,0.0,0.0,0.0,1.0,0.0,318,2
0,3,2.169053700369523,1,1,False,1.0,0.0,1.0,0.0,0.0,0.0,0.0,0.0,334,1
0,2,2.4423470353692043,2,1,False,0.0,1.0,1.0,0.0,0.0,0.0,0.0,0.0,657,2
0,3,3.705920919968788,2,6,True,0.0,1.0,0.0,0.0,0.0,0.0,0.0,1.0,609,2
1,3,2.1719067693519296,2,2,False,0.0,1.0,1.0,0.0,0.0,0.0,0.0,0.0,632,2
1,1,5.039951348430309,2,2,True,1.0,0.0,0.0,0.0,0.0,0.0,1.0,0.0,294,3
1,1,4.91730069488021,2,1,True,1.0,0.0,1.0,0.0,0.0,0.0,0.0,0.0,81,1
0,1,3.4657359027997265,2,1,True,0.0,1.0,1.0,0.0,0.0,0.0,0.0,0.0,116,2
1,3,0.0,2,1,True,0.0,1.0,1.0,0.0,0.0,0.0,0.0,0.0,799,2
1,2,3.0204248861443626,2,2,True,1.0,0.0,0.0,0.0,0.0,0.0,1.0,0.0,516,3
0,1,3.4242626545931514,0,2,False,0.0,1.0,1.0,0.0,0.0,0.0,0.0,0.0,560,2
1,3,2.169053700369523,1,1,False,1.0,0.0,1.0,0.0,0.0,0.0,0.0,0.0,325,1
1,1,4.368919865004903,2,2,True,1.0,0.0,0.0,0.0,0.0,1.0,0.0,0.0,24,1
0,3,2.169053700369523,2,1,False,1.0,0.0,0.0,0.0,0.0,0.0,1.0,0.0,449,1
0,2,0.0,2,1,True,0.0,1.0,1.0,0.0,0.0,0.0,0.0,0.0,611,2
0,3,3.405355391810819,1,6,True,0.0,1.0,0.0,0.0,1.0,0.0,0.0,0.0,664,0
1,3,3.056356895370426,2,3,True,1.0,0.0,1.0,0.0,0.0,0.0,0.0,0.0,1,3
0,3,2.169053700369523,1,1,False,0.0,1.0,0.0,0.0,0.0,1.0,0.0,0.0,223,2
0,3,2.180891922715322,2,1,False,0.0,1.0,1.0,0.0,0.0,0.0,0.0,0.0,595,2
0,3,2.3513752571634776,2,1,False,0.0,1.0,0.0,0.0,0.0,0.0,0.0,1.0,871,2
1,3,2.2027647577118348,2,1,False,0.0,1.0,0.0,0.0,0.0,0.0,0.0,1.0,215,2
0,1,3.295836866004329,2,1,False,0.0,1.0,1.0,0.0,0.0,0.0,0.0,0.0,747,2
0,3,2.2682524139135403,0,1,False,0.0,1.0,1.0,0.0,0.0,0.0,0.0,0.0,759,2
1,3,2.3513752571634776,2,1,False,0.0,1.0,1.0,0.0,0.0,0.0,0.0,0.0,870,2
0,3,2.1855792552411137,2,1,False,0.0,1.0,1.0,0.0,0.0,0.0,0.0,0.0,553,2
1,2,2.639057329615259,2,1,False,0.0,1.0,0.0,0.0,0.0,0.0,1.0,0.0,354,2
1,3,2.169053700369523,1,1,False,1.0,0.0,1.0,0.0,0.0,0.0,0.0,0.0,166,1
1,1,4.380149874661021,2,1,True,1.0,0.0,1.0,0.0,0.0,0.0,0.0,0.0,54,1
1,1,4.5226490762785785,0,2,True,1.0,0.0,0.0,0.0,0.0,0.0,0.0,1.0,80,3
0,2,2.630088659632498,0,1,False,0.0,1.0,1.0,0.0,0.0,0.0,0.0,0.0,444,2
0,3,2.2874714551839976,2,1,False,1.0,0.0,1.0,0.0,0.0,0.0,0.0,0.0,302,1
0,3,2.1855792552411137,2,1,False,0.0,1.0,1.0,0.0,0.0,0.0,0.0,0.0,526,2
0,1,3.357621598945279,0,1,False,0.0,1.0,1.0,0.0,0.0,0.0,0.0,0.0,445,2
0,3,2.1076888046179385,0,1,False,0.0,1.0,1.0,0.0,0.0,0.0,0.0,0.0,309,2
0,1,5.027492411162679,2,4,True,1.0,0.0,0.0,1.0,0.0,0.0,0.0,0.0,16,1
1,1,3.449987545831587,2,1,False,0.0,1.0,1.0,0.0,0.0,0.0,0.0,0.0,696,2
1,1,5.515526544247129,0,2,True,1.0,0.0,0.0,0.0,0.0,0.0,1.0,0.0,60,3
1,3,2.169053700369523,1,1,False,1.0,0.0,1.0,0.0,0.0,0.0,0.0,0.0,401,1
1,3,3.188416617383492,1,3,True,0.0,1.0,1.0,0.0,0.0,0.0,0.0,0.0,502,2
0,3,0.0,2,1,True,0.0,1.0,0.0,0.0,0.0,0.0,0.0,1.0,382,2
1,2,2.5915163848462583,1,1,False,1.0,0.0,1.0,0.0,0.0,0.0,0.0,0.0,398,1
0,3,2.2027647577118348,2,1,False,0.0,1.0,1.0,0.0,0.0,0.0,0.0,0.0,850,2
1,1,5.027492411162679,2,4,True,0.0,1.0,0.0,1.0,0.0,0.0,0.0,0.0,16,0
1,1,4.717456363787216,0,1,True,1.0,0.0,1.0,0.0,0.0,0.0,0.0,0.0,251,1
1,1,4.699570861409576,0,2,True,1.0,0.0,0.0,0.0,0.0,0.0,0.0,1.0,627,3
0,2,3.2188758248682006,0,2,True,0.0,1.0,1.0,0.0,0.0,0.0,0.0,0.0,3,2
1,1,4.0592215752427645,0,1,True,1.0,0.0,1.0,0.0,0.0,0.0,0.0,0.0,259,1
1,1,4.432699549165613,0,1,True,1.0,0.0,1.0,0.0,0.0,0.0,0.0,0.0,323,1
1,1,5.5735788721243535,0,5,True,1.0,0.0,0.0,0.0,0.0,0.0,0.0,1.0,693,1
0,2,3.295836866004329,2,3,False,1.0,0.0,1.0,0.0,0.0,0.0,0.0,0.0,420,3
0,3,2.1855792552411137,2,1,False,0.0,1.0,1.0,0.0,0.0,0.0,0.0,0.0,332,2
0,2,3.305053521109253,2,3,True,0.0,1.0,0.0,0.0,0.0,0.0,1.0,0.0,319,2
1,3,2.180891922715322,2,1,False,1.0,0.0,1.0,0.0,0.0,0.0,0.0,0.0,572,1
1,2,3.295836866004329,2,2,True,1.0,0.0,1.0,0.0,0.0,0.0,0.0,0.0,391,3
0,2,2.70805020110221,2,1,False,0.0,1.0,0.0,0.0,0.0,0.0,1.0,0.0,539,4
1,1,5.11118445372147,2,3,True,1.0,0.0,1.0,0.0,0.0,0.0,0.0,0.0,841,1
1,1,4.908971640319756,0,3,True,1.0,0.0,0.0,0.0,0.0,0.0,1.0,0.0,754,3
0,3,2.1102132003465894,2,1,False,0.0,1.0,1.0,0.0,0.0,0.0,0.0,0.0,204,2
0,3,2.1855792552411137,2,1,False,0.0,1.0,1.0,0.0,0.0,0.0,0.0,0.0,192,2
1,2,2.5915163848462583,1,1,False,1.0,0.0,1.0,0.0,0.0,0.0,0.0,0.0,741,1
1,2,3.4011973816621555,2,3,True,1.0,0.0,1.0,0.0,0.0,0.0,0.0,0.0,118,3
0,3,4.256321678298823,2,11,True,0.0,1.0,1.0,0.0,0.0,0.0,0.0,0.0,700,2
1,1,4.91730069488021,0,1,True,1.0,0.0,1.0,0.0,0.0,0.0,0.0,0.0,860,1
0,3,1.9792758428991135,2,1,False,0.0,1.0,0.0,0.0,0.0,1.0,0.0,0.0,581,2
1,2,2.639057329615259,2,1,False,1.0,0.0,1.0,0.0,0.0,0.0,0.0,0.0,50,3
1,3,3.0692150503137943,2,3,True,1.0,0.0,1.0,0.0,0.0,0.0,0.0,0.0,290,3
1,1,4.077184839375167,0,2,True,1.0,0.0,0.0,0.0,0.0,0.0,0.0,1.0,341,1
1,3,3.188416617383492,1,3,True,1.0,0.0,1.0,0.0,0.0,0.0,0.0,0.0,502,1
0,1,3.3843902633457743,2,1,False,0.0,1.0,0.0,0.0,0.0,0.0,1.0,0.0,614,2
0,1,5.039951348430309,2,2,True,0.0,1.0,1.0,0.0,0.0,0.0,0.0,0.0,294,2
0,3,2.9444389791664403,2,3,True,0.0,1.0,0.0,0.0,0.0,0.0,0.0,1.0,817,2
1,1,4.902678819257608,2,2,True,1.0,0.0,1.0,0.0,0.0,0.0,0.0,0.0,261,3
0,3,2.1855792552411137,2,1,False,0.0,1.0,1.0,0.0,0.0,0.0,0.0,0.0,203,2
0,1,4.213607983048918,2,2,True,0.0,1.0,1.0,0.0,0.0,0.0,0.0,0.0,622,2
1,1,4.908971640319756,0,1,True,1.0,0.0,0.0,0.0,0.0,0.0,1.0,0.0,109,1
1,3,2.2027647577118348,2,1,False,0.0,1.0,0.0,0.0,0.0,0.0,1.0,0.0,185,2
0,1,3.597312260588446,2,1,False,0.0,1.0,0.0,0.0,0.0,0.0,1.0,0.0,84,2
1,2,3.295836866004329,2,3,True,0.0,1.0,0.0,1.0,0.0,0.0,0.0,0.0,562,0
1,1,5.575949103146316,2,6,True,1.0,0.0,1.0,0.0,0.0,0.0,0.0,0.0,257,1
0,2,2.639057329615259,2,1,False,0.0,1.0,1.0,0.0,0.0,0.0,0.0,0.0,159,2
0,2,2.639057329615259,2,1,False,0.0,1.0,1.0,0.0,0.0,0.0,0.0,0.0,715,2
0,2,2.639057329615259,2,1,False,0.0,1.0,1.0,0.0,0.0,0.0,0.0,0.0,258,2
1,2,2.639057329615259,2,1,False,1.0,0.0,1.0,0.0,0.0,0.0,0.0,0.0,104,1
1,2,2.639057329615259,2,1,False,1.0,0.0,0.0,0.0,0.0,0.0,1.0,0.0,747,1
1,3,2.8390784635086144,2,2,False,1.0,0.0,1.0,0.0,0.0,0.0,0.0,0.0,197,3
1,3,2.827313621929028,2,3,True,0.0,1.0,0.0,0.0,1.0,0.0,0.0,0.0,175,0
0,3,2.2682524139135403,2,1,False,0.0,1.0,0.0,0.0,0.0,0.0,1.0,0.0,209,2
0,3,2.3248357019288655,2,1,False,0.0,1.0,1.0,0.0,0.0,0.0,0.0,0.0,591,2
0,1,3.58351893845611,2,1,False,0.0,1.0,1.0,0.0,0.0,0.0,0.0,0.0,851,2
0,3,2.1076888046179385,0,3,False,0.0,1.0,0.0,0.0,0.0,0.0,0.0,1.0,234,2
0,3,2.9338568698359033,2,2,True,0.0,1.0,1.0,0.0,0.0,0.0,0.0,0.0,28,2
0,3,2.1071782966514356,0,1,False,0.0,1.0,1.0,0.0,0.0,0.0,0.0,0.0,862,2
0,3,2.3513752571634776,2,1,False,0.0,1.0,1.0,0.0,0.0,0.0,0.0,0.0,815,2
1,1,4.02535169073515,2,2,True,1.0,0.0,1.0,0.0,0.0,0.0,0.0,0.0,94,1
0,2,2.639057329615259,2,1,False,1.0,0.0,1.0,0.0,0.0,0.0,0.0,0.0,266,1
1,3,2.1837114628556327,1,1,False,1.0,0.0,1.0,0.0,0.0,0.0,0.0,0.0,508,1
1,3,2.1837114628556327,1,1,False,1.0,0.0,1.0,0.0,0.0,0.0,0.0,0.0,532,1
0,3,3.3638415951183864,2,6,True,0.0,1.0,0.0,0.0,0.0,0.0,1.0,0.0,739,2
0,2,3.357621598945279,0,2,False,0.0,1.0,1.0,0.0,0.0,0.0,0.0,0.0,872,2
0,3,2.737880811060884,0,2,True,1.0,0.0,0.0,0.0,0.0,0.0,1.0,0.0,53,3
0,3,2.085672091430472,2,1,False,0.0,1.0,1.0,0.0,0.0,0.0,0.0,0.0,32,2
0,3,2.803360380906535,1,2,True,0.0,1.0,1.0,0.0,0.0,0.0,0.0,0.0,582,2
0,3,2.1102132003465894,2,1,False,0.0,1.0,1.0,0.0,0.0,0.0,0.0,0.0,6,2
1,1,4.334017415487521,0,2,False,1.0,0.0,0.0,0.0,0.0,1.0,0.0,0.0,828,3
1,3,2.1076888046179385,0,1,False,1.0,0.0,1.0,0.0,0.0,0.0,0.0,0.0,544,3
1,3,2.169053700369523,1,1,False,1.0,0.0,1.0,0.0,0.0,0.0,0.0,0.0,376,1
1,1,4.252771798816619,0,1,True,1.0,0.0,1.0,0.0,0.0,0.0,0.0,0.0,39,1
1,1,4.0332082470129285,0,2,False,0.0,1.0,1.0,0.0,0.0,0.0,0.0,0.0,312,2
0,3,2.0143428636837015,2,2,False,0.0,1.0,0.0,0.0,0.0,0.0,0.0,1.0,844,2
0,3,2.2027647577118348,2,1,False,0.0,1.0,0.0,0.0,0.0,0.0,0.0,1.0,65,2
0,1,4.91730069488021,0,1,True,0.0,1.0,1.0,0.0,0.0,0.0,0.0,0.0,669,2
0,3,3.094445746490024,2,5,True,1.0,0.0,0.0,0.0,1.0,0.0,0.0,0.0,608,1
1,1,4.420896324687287,0,2,True,1.0,0.0,1.0,0.0,0.0,0.0,0.0,0.0,520,3
1,3,2.1102132003465894,2,1,False,1.0,0.0,1.0,0.0,0.0,0.0,0.0,0.0,425,1
0,1,5.358941988364472,0,3,False,0.0,1.0,1.0,0.0,0.0,0.0,0.0,0.0,843,2
0,3,1.6119347926326877,0,1,False,0.0,1.0,0.0,0.0,0.0,0.0,0.0,1.0,74,2
0,3,2.1719067693519296,2,1,False,0.0,1.0,0.0,0.0,0.0,0.0,0.0,1.0,301,2
1,1,5.4316456135398825,0,1,True,1.0,0.0,0.0,0.0,0.0,0.0,1.0,0.0,75,1
1,3,2.817902613071225,0,3,True,1.0,0.0,0.0,1.0,0.0,0.0,0.0,0.0,555,1
0,3,2.188856327665703,2,1,False,0.0,1.0,1.0,0.0,0.0,0.0,0.0,0.0,792,2
1,1,3.970291913552122,2,2,True,1.0,0.0,1.0,0.0,0.0,0.0,0.0,0.0,349,3
0,3,2.1855792552411137,2,1,False,0.0,1.0,1.0,0.0,0.0,0.0,0.0,0.0,645,2
0,2,4.310799125385514,2,1,True,0.0,1.0,0.0,0.0,0.0,0.0,0.0,1.0,195,2
0,3,3.8691155044168695,2,8,True,0.0,1.0,0.0,1.0,0.0,0.0,0.0,0.0,292,0
1,2,2.639057329615259,2,1,False,1.0,0.0,1.0,0.0,0.0,0.0,0.0,0.0,110,1
0,3,2.1666737276227077,1,1,False,0.0,1.0,1.0,0.0,0.0,0.0,0.0,0.0,697,2
1,2,2.5649493574615367,0,1,False,1.0,0.0,0.0,0.0,0.0,0.0,0.0,1.0,435,1
1,1,4.795790545596741,2,4,True,0.0,1.0,1.0,0.0,0.0,0.0,0.0,0.0,131,2
1,3,2.174274334826008,2,1,False,0.0,1.0,1.0,0.0,0.0,0.0,0.0,0.0,370,2
0,3,2.188856327665703,2,3,False,0.0,1.0,1.0,0.0,0.0,0.0,0.0,0.0,301,2
1,1,4.738607824217808,0,2,True,1.0,0.0,1.0,0.0,0.0,0.0,0.0,0.0,565,1
1,3,2.8735646395797834,2,3,True,1.0,0.0,1.0,0.0,0.0,0.0,0.0,0.0,707,3
0,3,2.174274334826008,2,1,False,0.0,1.0,1.0,0.0,0.0,0.0,0.0,0.0,380,2
0,3,2.180891922715322,2,1,False,1.0,0.0,1.0,0.0,0.0,0.0,0.0,0.0,595,1
0,2,3.295836866004329,2,1,True,0.0,1.0,0.0,0.0,0.0,0.0,1.0,0.0,510,2
0,2,2.4423470353692043,2,1,False,0.0,1.0,1.0,0.0,0.0,0.0,0.0,0.0,606,4
1,2,2.613739521630969,2,1,False,1.0,0.0,1.0,0.0,0.0,0.0,0.0,0.0,803,3
1,3,2.188856327665703,2,1,False,0.0,1.0,1.0,0.0,0.0,0.0,0.0,0.0,574,2
0,3,2.2027647577118348,2,1,False,0.0,1.0,1.0,0.0,0.0,0.0,0.0,0.0,7,2
0,3,2.3818582738885534,2,2,False,1.0,0.0,1.0,0.0,0.0,0.0,0.0,0.0,388,1
0,3,2.8243506567983707,2,2,True,0.0,1.0,1.0,0.0,0.0,0.0,0.0,0.0,305,2
0,3,2.2682524139135403,2,1,False,1.0,0.0,0.0,0.0,0.0,0.0,0.0,1.0,598,1
0,2,3.091042453358316,2,2,False,0.0,1.0,1.0,0.0,0.0,0.0,0.0,0.0,269,2
0,3,2.169053700369523,2,1,False,0.0,1.0,0.0,0.0,0.0,0.0,1.0,0.0,842,2
1,2,2.9831534913471307,2,3,True,0.0,1.0,0.0,0.0,1.0,0.0,0.0,0.0,666,0
0,3,2.1719067693519296,2,1,False,0.0,1.0,1.0,0.0,0.0,0.0,0.0,0.0,78,2
0,3,3.275887339030031,2,5,True,1.0,0.0,1.0,0.0,0.0,0.0,0.0,0.0,434,1
0,3,2.1855792552411137,2,1,False,0.0,1.0,1.0,0.0,0.0,0.0,0.0,0.0,714,2
0,3,2.061570298060867,1,1,False,0.0,1.0,1.0,0.0,0.0,0.0,0.0,0.0,319,2
1,1,4.51085950651685,1,2,True,1.0,0.0,1.0,0.0,0.0,0.0,0.0,0.0,525,1
0,2,0.0,2,1,True,0.0,1.0,1.0,0.0,0.0,0.0,0.0,0.0,183,2
1,3,2.188856327665703,2,1,False,0.0,1.0,0.0,0.0,0.0,0.0,1.0,0.0,776,2
0,3,2.2027647577118348,2,1,False,1.0,0.0,1.0,0.0,0.0,0.0,0.0,0.0,515,3
1,2,3.5115454388310208,2,3,False,1.0,0.0,1.0,0.0,0.0,0.0,0.0,0.0,222,3
1,2,2.639057329615259,2,3,False,1.0,0.0,0.0,0.0,0.0,0.0,0.0,1.0,726,1
0,2,2.639057329615259,2,1,False,0.0,1.0,1.0,0.0,0.0,0.0,0.0,0.0,496,2
0,3,3.224857896545748,2,3,True,1.0,0.0,0.0,0.0,1.0,0.0,0.0,0.0,811,1
0,3,2.1855792552411137,0,1,False,0.0,1.0,1.0,0.0,0.0,0.0,0.0,0.0,277,2
0,3,2.167143305297764,1,1,False,0.0,1.0,1.0,0.0,0.0,0.0,0.0,0.0,140,2
0,3,2.1832383353614793,2,1,False,0.0,1.0,1.0,0.0,0.0,0.0,0.0,0.0,867,2
0,3,2.7343675094195836,2,3,True,1.0,0.0,1.0,0.0,0.0,0.0,0.0,0.0,189,3
0,3,3.0545906305603445,2,3,True,0.0,1.0,0.0,0.0,0.0,0.0,0.0,1.0,681,2
0,3,2.1102132003465894,2,1,False,0.0,1.0,1.0,0.0,0.0,0.0,0.0,0.0,855,2
1,2,3.295836866004329,2,2,False,1.0,0.0,1.0,0.0,0.0,0.0,0.0,0.0,151,3
1,2,3.295836866004329,2,1,True,1.0,0.0,0.0,0.0,0.0,0.0,0.0,1.0,642,1
0,3,2.169053700369523,1,1,False,0.0,1.0,1.0,0.0,0.0,0.0,0.0,0.0,252,2
1,3,2.2027647577118348,2,1,False,0.0,1.0,1.0,0.0,0.0,0.0,0.0,0.0,643,2
1,1,3.3160025355989236,2,1,False,0.0,1.0,1.0,0.0,0.0,0.0,0.0,0.0,83,2
1,3,2.8390784635086144,2,2,True,1.0,0.0,1.0,0.0,0.0,0.0,0.0,0.0,791,3
1,2,3.295836866004329,2,2,False,1.0,0.0,0.0,0.0,0.0,0.0,1.0,0.0,464,3
0,3,2.094945728215801,2,1,False,0.0,1.0,0.0,0.0,0.0,0.0,0.0,1.0,389,2
0,1,4.041295341132285,2,2,True,0.0,1.0,0.0,0.0,0.0,0.0,1.0,0.0,728,2
1,1,4.795790545596741,2,4,True,1.0,0.0,0.0,0.0,0.0,0.0,0.0,1.0,131,1
0,3,3.5660053559634015,2,5,True,1.0,0.0,1.0,0.0,0.0,0.0,0.0,0.0,255,1
1,2,2.9831534913471307,2,6,True,1.0,0.0,1.0,0.0,0.0,0.0,0.0,0.0,666,3
0,1,5.575949103146316,2,6,True,0.0,1.0,0.0,0.0,0.0,1.0,0.0,0.0,257,2
0,2,2.4423470353692043,2,1,False,0.0,1.0,1.0,0.0,0.0,0.0,0.0,0.0,418,2
1,2,3.305053521109253,2,3,True,1.0,0.0,0.0,0.0,0.0,0.0,1.0,0.0,319,3
0,3,2.3513752571634776,2,1,False,0.0,1.0,0.0,0.0,0.0,0.0,0.0,1.0,308,2
0,3,2.1719067693519296,2,2,False,0.0,1.0,1.0,0.0,0.0,0.0,0.0,0.0,639,2
1,2,2.639057329615259,2,1,False,1.0,0.0,1.0,0.0,0.0,0.0,0.0,0.0,661,1
1,3,2.2096470973347766,2,1,False,0.0,1.0,1.0,0.0,0.0,0.0,0.0,0.0,378,2
1,1,4.417131919904876,2,3,False,0.0,1.0,0.0,0.0,1.0,0.0,0.0,0.0,211,0
1,2,3.0204248861443626,2,2,True,1.0,0.0,0.0,0.0,0.0,0.0,0.0,1.0,516,1
1,1,3.3160025355989236,2,1,False,0.0,1.0,1.0,0.0,0.0,0.0,0.0,0.0,717,2
1,3,3.0085645861193133,0,4,True,1.0,0.0,0.0,0.0,1.0,0.0,0.0,0.0,44,1
1,1,3.449987545831587,2,1,False,0.0,1.0,0.0,0.0,0.0,0.0,1.0,0.0,641,4
0,2,3.3586377672433594,2,4,True,0.0,1.0,1.0,0.0,0.0,0.0,0.0,0.0,836,2
0,3,3.0429354648621407,2,2,False,0.0,1.0,1.0,0.0,0.0,0.0,0.0,0.0,304,2
0,1,3.3586377672433594,0,1,False,0.0,1.0,1.0,0.0,0.0,0.0,0.0,0.0,256,2
1,1,4.500966778400217,0,2,True,0.0,1.0,0.0,0.0,0.0,0.0,1.0,0.0,288,2
0,3,2.2027647577118348,2,1,False,0.0,1.0,1.0,0.0,0.0,0.0,0.0,0.0,624,2
1,3,2.1855792552411137,0,1,False,0.0,1.0,1.0,0.0,0.0,0.0,0.0,0.0,369,2
0,1,3.3160025355989236,2,1,False,0.0,1.0,0.0,0.0,0.0,1.0,0.0,0.0,523,2
1,1,3.967694202798607,2,2,False,1.0,0.0,1.0,0.0,0.0,0.0,0.0,0.0,404,3
1,2,2.4423470353692043,2,1,False,1.0,0.0,0.0,0.0,0.0,0.0,1.0,0.0,796,1
0,3,2.169053700369523,1,1,False,0.0,1.0,1.0,0.0,0.0,0.0,0.0,0.0,584,2
1,1,3.3160025355989236,2,1,False,0.0,1.0,0.0,0.0,0.0,0.0,1.0,0.0,20,2
0,3,2.2027647577118348,2,1,False,0.0,1.0,1.0,0.0,0.0,0.0,0.0,0.0,540,2
0,1,3.676300671907076,2,1,False,0.0,1.0,0.0,0.0,0.0,0.0,1.0,0.0,275,2
0,2,2.639057329615259,2,1,False,0.0,1.0,0.0,0.0,0.0,0.0,1.0,0.0,524,2
0,3,2.2027647577118348,2,1,False,0.0,1.0,1.0,0.0,0.0,0.0,0.0,0.0,481,2
0,3,2.085672091430472,2,1,False,0.0,1.0,1.0,0.0,0.0,0.0,0.0,0.0,291,2
0,2,0.0,2,1,True,0.0,1.0,1.0,0.0,0.0,0.0,0.0,0.0,121,2
0,1,3.3160025355989236,2,1,False,0.0,1.0,0.0,0.0,0.0,0.0,1.0,0.0,745,2
0,3,2.1661924680884908,1,1,False,0.0,1.0,1.0,0.0,0.0,0.0,0.0,0.0,711,2
1,3,3.0085645861193133,0,4,True,1.0,0.0,0.0,1.0,0.0,0.0,0.0,0.0,44,1
0,3,2.1102132003465894,2,1,False,0.0,1.0,1.0,0.0,0.0,0.0,0.0,0.0,399,2
0,3,2.2682524139135403,2,1,False,0.0,1.0,1.0,0.0,0.0,0.0,0.0,0.0,115,2
1,2,3.3586377672433594,2,4,True,1.0,0.0,1.0,0.0,0.0,0.0,0.0,0.0,836,3
1,2,2.694066212646058,0,1,False,1.0,0.0,1.0,0.0,0.0,0.0,0.0,0.0,377,3
0,3,2.3830123421066602,2,1,False,1.0,0.0,1.0,0.0,0.0,0.0,0.0,0.0,770,1
0,1,3.970291913552122,2,1,True,0.0,1.0,1.0,0.0,0.0,0.0,0.0,0.0,153,2
0,2,3.091042453358316,2,2,True,0.0,1.0,1.0,0.0,0.0,0.0,0.0,0.0,659,2
0,3,2.0851502161468174,2,2,False,0.0,1.0,1.0,0.0,0.0,0.0,0.0,0.0,100,2
0,3,2.142510233146819,2,1,False,0.0,1.0,1.0,0.0,0.0,0.0,0.0,0.0,393,2
1,3,2.586823743668066,2,2,False,1.0,0.0,0.0,1.0,0.0,0.0,0.0,0.0,342,1
0,3,3.8691155044168695,2,8,True,0.0,1.0,0.0,0.0,1.0,0.0,0.0,0.0,292,0
0,2,0.0,2,1,False,0.0,1.0,1.0,0.0,0.0,0.0,0.0,0.0,264,2
0,3,2.2027647577118348,2,1,False,0.0,1.0,0.0,0.0,0.0,0.0,1.0,0.0,688,2
1,3,2.3596740599781727,2,1,False,1.0,0.0,0.0,0.0,0.0,1.0,0.0,0.0,808,3
1,1,4.5226490762785785,0,2,True,0.0,1.0,1.0,0.0,0.0,0.0,0.0,0.0,80,2
0,3,3.275887339030031,2,5,True,1.0,0.0,1.0,0.0,0.0,0.0,0.0,0.0,434,1
1,1,4.51085950651685,2,2,True,1.0,0.0,1.0,0.0,0.0,0.0,0.0,0.0,356,3
0,1,3.4242626545931514,0,1,False,0.0,1.0,0.0,0.0,0.0,0.0,1.0,0.0,403,2
0,3,2.2027647577118348,2,1,False,0.0,1.0,1.0,0.0,0.0,0.0,0.0,0.0,752,2
1,3,2.827313621929028,2,3,True,0.0,1.0,0.0,0.0,1.0,0.0,0.0,0.0,175,0
0,3,3.0429354648621407,2,2,False,0.0,1.0,1.0,0.0,0.0,0.0,0.0,0.0,304,2
0,3,2.1102132003465894,2,1,False,0.0,1.0,1.0,0.0,0.0,0.0,0.0,0.0,853,2
0,1,3.449987545831587,2,1,False,0.0,1.0,0.0,0.0,0.0,0.0,1.0,0.0,534,2
0,1,3.922056501139853,0,1,False,0.0,1.0,0.0,0.0,0.0,1.0,0.0,0.0,30,2
0,3,2.2027647577118348,2,1,False,0.0,1.0,1.0,0.0,0.0,0.0,0.0,0.0,760,2
0,3,2.738146075922933,0,1,True,0.0,1.0,1.0,0.0,0.0,0.0,0.0,0.0,863,2
1,1,4.37281811610993,0,2,True,1.0,0.0,0.0,0.0,0.0,0.0,1.0,0.0,240,1
0,3,2.7788192719904172,2,1,False,0.0,1.0,1.0,0.0,0.0,0.0,0.0,0.0,721,2
0,1,5.027492411162679,2,4,True,1.0,0.0,1.0,0.0,0.0,0.0,0.0,0.0,16,3
0,3,2.174274334826008,2,1,False,0.0,1.0,1.0,0.0,0.0,0.0,0.0,0.0,779,2
0,3,2.2682524139135403,2,1,False,0.0,1.0,0.0,0.0,0.0,0.0,0.0,1.0,119,2
0,3,2.169053700369523,1,1,False,1.0,0.0,1.0,0.0,0.0,0.0,0.0,0.0,122,1
0,3,2.155151800914312,1,1,False,1.0,0.0,1.0,0.0,0.0,0.0,0.0,0.0,590,1
0,3,2.3596740599781727,2,1,False,1.0,0.0,1.0,0.0,0.0,0.0,0.0,0.0,421,1
1,1,4.471638793363569,2,1,True,1.0,0.0,0.0,0.0,0.0,0.0,0.0,1.0,480,1
0,1,4.699570861409576,0,2,True,0.0,1.0,0.0,0.0,0.0,0.0,0.0,1.0,627,2
1,2,3.295836866004329,2,3,True,1.0,0.0,1.0,0.0,0.0,0.0,0.0,0.0,652,3
1,1,3.3160025355989236,2,1,False,0.0,1.0,1.0,0.0,0.0,0.0,0.0,0.0,96,2
0,3,3.1580636854714434,2,1,False,0.0,1.0,1.0,0.0,0.0,0.0,0.0,0.0,594,2
1,3,4.051711901657239,2,1,True,0.0,1.0,1.0,0.0,0.0,0.0,0.0,0.0,427,2
1,3,2.169053700369523,1,1,False,0.0,1.0,1.0,0.0,0.0,0.0,0.0,0.0,188,2
0,3,2.2027647577118348,2,1,False,0.0,1.0,1.0,0.0,0.0,0.0,0.0,0.0,831,2
1,1,3.3064287218760624,2,1,False,0.0,1.0,1.0,0.0,0.0,0.0,0.0,0.0,507,2
1,1,4.100989104940769,0,2,False,1.0,0.0,0.0,0.0,0.0,0.0,1.0,0.0,687,3
0,3,2.139571923732859,2,1,False,0.0,1.0,1.0,0.0,0.0,0.0,0.0,0.0,157,2
0,1,3.5559421706858756,2,1,False,0.0,1.0,0.0,0.0,0.0,0.0,1.0,0.0,825,2
1,2,2.4423470353692043,2,1,False,1.0,0.0,1.0,0.0,0.0,0.0,0.0,0.0,439,3
0,3,3.224857896545748,1,1,True,0.0,1.0,1.0,0.0,0.0,0.0,0.0,0.0,692,2
1,2,3.295836866004329,2,2,False,1.0,0.0,1.0,0.0,0.0,0.0,0.0,0.0,26,3
0,3,2.1855792552411137,2,1,False,0.0,1.0,1.0,0.0,0.0,0.0,0.0,0.0,618,2
1,1,4.548599834499697,2,1,True,1.0,0.0,1.0,0.0,0.0,0.0,0.0,0.0,631,1
0,3,2.1855792552411137,2,1,False,0.0,1.0,1.0,0.0,0.0,0.0,0.0,0.0,822,2
0,3,2.1071782966514356,0,1,False,0.0,1.0,1.0,0.0,0.0,0.0,0.0,0.0,419,2
1,1,4.077184839375167,0,2,True,1.0,0.0,0.0,0.0,0.0,0.0,1.0,0.0,341,3
0,3,2.1076888046179385,0,1,False,0.0,1.0,1.0,0.0,0.0,0.0,0.0,0.0,396,2
0,3,2.169053700369523,1,1,False,0.0,1.0,0.0,0.0,0.0,0.0,1.0,0.0,244,2
1,2,2.4423470353692043,2,1,False,1.0,0.0,0.0,0.0,0.0,0.0,1.0,0.0,667,1
0,1,5.406181146423973,2,1,False,0.0,1.0,1.0,0.0,0.0,0.0,0.0,0.0,245,2
0,3,2.188856327665703,2,1,False,0.0,1.0,1.0,0.0,0.0,0.0,0.0,0.0,705,2
0,2,2.5257286443082556,2,4,False,0.0,1.0,1.0,0.0,0.0,0.0,0.0,0.0,343,2
1,2,3.295836866004329,2,3,True,1.0,0.0,0.0,1.0,0.0,0.0,0.0,0.0,652,1
0,3,2.1076888046179385,0,1,False,0.0,1.0,1.0,0.0,0.0,0.0,0.0,0.0,800,2
0,3,2.1076888046179385,0,3,False,0.0,1.0,0.0,0.0,0.0,0.0,0.0,1.0,234,2
1,3,3.1509523813392697,0,3,True,1.0,0.0,1.0,0.0,0.0,0.0,0.0,0.0,634,3
0,3,2.2682524139135403,2,1,False,1.0,0.0,1.0,0.0,0.0,0.0,0.0,0.0,115,1
1,2,3.305053521109253,2,3,True,1.0,0.0,0.0,0.0,1.0,0.0,0.0,0.0,319,1
0,1,3.3160025355989236,2,1,False,0.0,1.0,0.0,0.0,0.0,0.0,1.0,0.0,112,4
1,1,4.676792929661059,0,1,True,1.0,0.0,1.0,0.0,0.0,0.0,0.0,0.0,431,1
0,3,2.740840023925201,2,1,False,0.0,1.0,1.0,0.0,0.0,0.0,0.0,0.0,672,2
1,1,3.9219733362813143,0,3,False,1.0,0.0,1.0,0.0,0.0,0.0,0.0,0.0,262,1
1,1,4.276666119016055,2,3,True,1.0,0.0,1.0,0.0,0.0,0.0,0.0,0.0,180,1
0,3,3.4742929367327062,2,7,True,1.0,0.0,0.0,0.0,1.0,0.0,0.0,0.0,21,1
0,3,3.4742929367327062,2,7,True,1.0,0.0,0.0,0.0,1.0,0.0,0.0,0.0,21,1
1,2,3.295836866004329,2,2,True,0.0,1.0,1.0,0.0,0.0,0.0,0.0,0.0,62,2
0,1,4.676792929661059,0,2,True,0.0,1.0,0.0,0.0,0.0,0.0,1.0,0.0,216,2
0,1,3.295836866004329,2,1,False,0.0,1.0,0.0,0.0,0.0,1.0,0.0,0.0,568,2
1,2,3.295836866004329,2,2,True,1.0,0.0,0.0,0.0,0.0,0.0,0.0,1.0,62,3
1,2,2.6988412620169004,0,1,False,0.0,1.0,1.0,0.0,0.0,0.0,0.0,0.0,605,2
0,3,3.0692150503137943,2,3,True,0.0,1.0,1.0,0.0,0.0,0.0,0.0,0.0,290,2
1,2,3.6309854756950335,2,3,True,0.0,1.0,0.0,0.0,1.0,0.0,0.0,0.0,195,0
1,1,4.717456363787216,0,3,True,0.0,1.0,0.0,0.0,0.0,0.0,0.0,1.0,786,2
0,2,3.295836866004329,2,1,False,0.0,1.0,1.0,0.0,0.0,0.0,0.0,0.0,718,2
0,3,2.17806441028492,1,1,False,0.0,1.0,1.0,0.0,0.0,0.0,0.0,0.0,582,2
1,3,2.1071782966514356,0,1,False,0.0,1.0,1.0,0.0,0.0,0.0,0.0,0.0,433,2
1,3,2.1719067693519296,2,1,False,1.0,0.0,1.0,0.0,0.0,0.0,0.0,0.0,592,1
0,1,3.3160025355989236,2,1,False,0.0,1.0,0.0,0.0,0.0,1.0,0.0,0.0,858,2
1,1,3.703768066607687,0,2,False,1.0,0.0,0.0,0.0,0.0,0.0,1.0,0.0,224,1
0,1,5.4316456135398825,0,1,True,0.0,1.0,1.0,0.0,0.0,0.0,0.0,0.0,673,2
1,1,4.390118804571218,2,3,True,1.0,0.0,1.0,0.0,0.0,0.0,0.0,0.0,783,3
1,3,2.91235066461494,2,2,False,1.0,0.0,1.0,0.0,0.0,0.0,0.0,0.0,869,3
0,3,2.169053700369523,1,1,False,0.0,1.0,1.0,0.0,0.0,0.0,0.0,0.0,541,2
0,3,2.1855792552411137,2,1,False,0.0,1.0,0.0,0.0,0.0,0.0,1.0,0.0,735,2
0,2,2.6741486494265287,2,1,False,0.0,1.0,1.0,0.0,0.0,0.0,0.0,0.0,575,2
0,3,2.2027647577118348,2,1,False,0.0,1.0,1.0,0.0,0.0,0.0,0.0,0.0,729,2
0,3,2.2027647577118348,2,1,False,1.0,0.0,1.0,0.0,0.0,0.0,0.0,0.0,514,1
0,3,3.224857896545748,2,3,True,0.0,1.0,1.0,0.0,0.0,0.0,0.0,0.0,195,2
0,3,2.1855792552411137,2,1,False,0.0,1.0,0.0,0.0,0.0,0.0,0.0,1.0,769,2
0,3,3.094445746490024,2,5,True,1.0,0.0,1.0,0.0,0.0,0.0,0.0,0.0,608,3
0,3,2.1076888046179385,0,1,False,0.0,1.0,1.0,0.0,0.0,0.0,0.0,0.0,212,2
1,3,2.180891922715322,2,1,False,0.0,1.0,1.0,0.0,0.0,0.0,0.0,0.0,386,2
1,2,2.4423470353692043,2,1,False,0.0,1.0,0.0,0.0,0.0,1.0,0.0,0.0,317,2
1,1,3.960416900617205,2,3,False,1.0,0.0,0.0,0.0,0.0,0.0,1.0,0.0,27,3
1,1,3.3100867049215847,2,1,False,0.0,1.0,1.0,0.0,0.0,0.0,0.0,0.0,252,2
1,3,2.169053700369523,1,1,False,1.0,0.0,1.0,0.0,0.0,0.0,0.0,0.0,401,1
0,3,2.2027647577118348,2,1,False,0.0,1.0,0.0,0.0,0.0,0.0,0.0,1.0,691,2
0,3,2.740840023925201,2,1,True,0.0,1.0,0.0,0.0,0.0,0.0,0.0,1.0,616,2
1,2,2.639057329615259,2,1,False,1.0,0.0,1.0,0.0,0.0,0.0,0.0,0.0,272,1
1,1,4.041295341132285,2,2,True,1.0,0.0,1.0,0.0,0.0,0.0,0.0,0.0,728,3
0,3,2.738146075922933,0,2,False,1.0,0.0,1.0,0.0,0.0,0.0,0.0,0.0,125,3
1,3,2.188856327665703,2,1,False,0.0,1.0,1.0,0.0,0.0,0.0,0.0,0.0,388,2
1,2,3.4339872044851463,2,3,False,1.0,0.0,1.0,0.0,0.0,0.0,0.0,0.0,148,1
1,1,4.717456363787216,0,3,True,1.0,0.0,1.0,0.0,0.0,0.0,0.0,0.0,786,3
0,2,3.295836866004329,2,1,True,0.0,1.0,0.0,0.0,0.0,0.0,1.0,0.0,218,2
0,1,3.716616209085536,0,1,False,0.0,1.0,1.0,0.0,0.0,0.0,0.0,0.0,684,2
0,3,2.2734137156937657,0,1,False,0.0,1.0,1.0,0.0,0.0,0.0,0.0,0.0,617,2
1,1,4.390118804571218,2,3,True,1.0,0.0,0.0,0.0,0.0,0.0,0.0,1.0,783,1
0,2,2.772588722239781,2,1,False,0.0,1.0,0.0,0.0,0.0,0.0,1.0,0.0,372,2
1,1,4.384523514872469,0,3,False,0.0,1.0,0.0,0.0,0.0,1.0,0.0,0.0,263,2
0,3,2.2027647577118348,2,1,False,0.0,1.0,1.0,0.0,0.0,0.0,0.0,0.0,282,2
0,3,2.2027647577118348,2,1,False,0.0,1.0,1.0,0.0,0.0,0.0,0.0,0.0,549,2
0,3,2.094945728215801,2,1,False,0.0,1.0,1.0,0.0,0.0,0.0,0.0,0.0,670,2
1,1,4.37281811610993,0,2,True,1.0,0.0,0.0,0.0,0.0,0.0,1.0,0.0,764,3
0,3,2.1102132003465894,2,1,False,0.0,1.0,0.0,0.0,0.0,0.0,1.0,0.0,235,2
0,3,2.169053700369523,1,3,False,1.0,0.0,1.0,0.0,0.0,0.0,0.0,0.0,91,1
0,2,3.295836866004329,2,2,False,0.0,1.0,1.0,0.0,0.0,0.0,0.0,0.0,139,2
0,3,3.224857896545748,2,3,True,0.0,1.0,1.0,0.0,0.0,0.0,0.0,0.0,811,2
1,2,3.5263605246161616,2,1,True,1.0,0.0,1.0,0.0,0.0,0.0,0.0,0.0,437,1
0,3,0.0,2,1,True,0.0,1.0,0.0,0.0,0.0,0.0,1.0,0.0,382,2
0,3,2.1071782966514356,0,1,False,0.0,1.0,1.0,0.0,0.0,0.0,0.0,0.0,90,2
1,1,4.0592215752427645,0,2,True,0.0,1.0,0.0,0.0,0.0,0.0,1.0,0.0,224,2
1,2,3.332204510175204,2,4,True,1.0,0.0,1.0,0.0,0.0,0.0,0.0,0.0,368,3
0,3,2.1855792552411137,2,1,False,0.0,1.0,1.0,0.0,0.0,0.0,0.0,0.0,740,2
0,1,3.770459441106359,2,1,False,0.0,1.0,1.0,0.0,0.0,0.0,0.0,0.0,316,2
0,3,2.2027647577118348,2,1,False,0.0,1.0,0.0,0.0,0.0,0.0,1.0,0.0,797,2
1,1,3.3160025355989236,0,1,False,0.0,1.0,1.0,0.0,0.0,0.0,0.0,0.0,350,2
0,3,2.806386101823072,2,2,False,0.0,1.0,1.0,0.0,0.0,0.0,0.0,0.0,451,2
0,3,2.1855792552411137,2,1,False,0.0,1.0,1.0,0.0,0.0,0.0,0.0,0.0,392,2
1,1,3.449987545831587,2,1,False,0.0,1.0,1.0,0.0,0.0,0.0,0.0,0.0,190,2
1,2,3.7513658711253766,0,4,True,1.0,0.0,1.0,0.0,0.0,0.0,0.0,0.0,428,3
1,1,5.039951348430309,2,1,True,1.0,0.0,0.0,0.0,0.0,0.0,1.0,0.0,725,1
0,3,3.4742929367327062,2,7,True,1.0,0.0,1.0,0.0,0.0,0.0,0.0,0.0,21,3
0,3,2.085672091430472,2,1,False,0.0,1.0,1.0,0.0,0.0,0.0,0.0,0.0,371,2
1,3,2.803360380906535,1,2,True,1.0,0.0,1.0,0.0,0.0,0.0,0.0,0.0,550,1
0,3,2.169053700369523,1,1,False,0.0,1.0,1.0,0.0,0.0,0.0,0.0,0.0,353,2
0,3,2.2027647577118348,2,1,False,0.0,1.0,1.0,0.0,0.0,0.0,0.0,0.0,103,2
1,2,4.189654742026425,2,4,True,1.0,0.0,1.0,0.0,0.0,0.0,0.0,0.0,335,1
0,3,2.7343675094195836,2,3,True,0.0,1.0,1.0,0.0,0.0,0.0,0.0,0.0,189,2
0,3,2.8390784635086144,2,2,True,1.0,0.0,1.0,0.0,0.0,0.0,0.0,0.0,459,3
1,2,3.6888794541139363,2,4,True,1.0,0.0,0.0,0.0,1.0,0.0,0.0,0.0,66,1
0,2,2.4423470353692043,2,1,False,0.0,1.0,1.0,0.0,0.0,0.0,0.0,0.0,274,2
0,3,2.737880811060884,0,2,True,0.0,1.0,1.0,0.0,0.0,0.0,0.0,0.0,859,2
1,1,3.9806942251907276,2,2,False,0.0,1.0,0.0,0.0,0.0,0.0,1.0,0.0,408,2
1,3,2.817902613071225,0,3,True,0.0,1.0,0.0,0.0,0.0,0.0,0.0,1.0,555,2
0,3,2.180891922715322,2,1,False,0.0,1.0,1.0,0.0,0.0,0.0,0.0,0.0,310,2
0,3,2.8390784635086144,2,1,True,0.0,1.0,1.0,0.0,0.0,0.0,0.0,0.0,92,2
0,1,3.5061818266142577,2,1,False,0.0,1.0,0.0,0.0,0.0,1.0,0.0,0.0,778,2
0,2,2.5915163848462583,1,1,False,0.0,1.0,0.0,0.0,0.0,0.0,1.0,0.0,411,4
1,1,4.368919865004903,2,1,True,1.0,0.0,1.0,0.0,0.0,0.0,0.0,0.0,462,1
0,3,2.1855792552411137,2,1,False,0.0,1.0,1.0,0.0,0.0,0.0,0.0,0.0,88,2
0,3,2.167143305297764,1,1,False,0.0,1.0,1.0,0.0,0.0,0.0,0.0,0.0,583,2
1,1,3.4339872044851463,2,1,False,0.0,1.0,0.0,0.0,0.0,1.0,0.0,0.0,55,2
0,3,2.086193694502369,2,1,False,0.0,1.0,0.0,0.0,0.0,0.0,1.0,0.0,467,2
1,1,3.449987545831587,0,1,False,0.0,1.0,1.0,0.0,0.0,0.0,0.0,0.0,757,4
0,1,0.0,2,1,False,0.0,1.0,1.0,0.0,0.0,0.0,0.0,0.0,612,2
0,3,3.3638415951183864,2,6,True,1.0,0.0,0.0,0.0,1.0,0.0,0.0,0.0,739,1
1,2,2.639057329615259,2,1,False,1.0,0.0,1.0,0.0,0.0,0.0,0.0,0.0,196,1
0,3,2.188856327665703,2,1,False,0.0,1.0,1.0,0.0,0.0,0.0,0.0,0.0,436,2
0,2,3.305053521109253,2,3,True,0.0,1.0,1.0,0.0,0.0,0.0,0.0,0.0,162,2
0,3,3.705920919968788,2,6,True,1.0,0.0,0.0,0.0,0.0,0.0,1.0,0.0,609,3
0,3,2.8390784635086144,2,2,True,0.0,1.0,1.0,0.0,0.0,0.0,0.0,0.0,791,2
0,3,2.180891922715322,2,1,False,0.0,1.0,0.0,0.0,0.0,0.0,0.0,1.0,375,2
1,1,4.252771798816619,0,1,True,1.0,0.0,1.0,0.0,0.0,0.0,0.0,0.0,701,1
0,3,3.3638415951183864,2,6,True,1.0,0.0,0.0,1.0,0.0,0.0,0.0,0.0,739,1
1,3,4.051711901657239,2,1,True,0.0,1.0,1.0,0.0,0.0,0.0,0.0,0.0,254,2
1,3,3.0085645861193133,0,4,True,1.0,0.0,0.0,1.0,0.0,0.0,0.0,0.0,44,1
1,1,4.353230991152628,0,2,True,0.0,1.0,0.0,0.0,0.0,0.0,1.0,0.0,315,2
0,3,2.1855792552411137,2,1,False,0.0,1.0,0.0,0.0,0.0,0.0,0.0,1.0,169,2
1,1,3.597312260588446,0,1,False,0.0,1.0,0.0,0.0,0.0,0.0,1.0,0.0,730,4
0,3,2.145931282948669,2,1,False,0.0,1.0,1.0,0.0,0.0,0.0,0.0,0.0,849,2
1,3,2.145931282948669,2,1,False,1.0,0.0,1.0,0.0,0.0,0.0,0.0,0.0,760,1
0,3,2.1855792552411137,2,1,False,0.0,1.0,1.0,0.0,0.0,0.0,0.0,0.0,530,2
1,2,3.1780538303479458,2,2,True,1.0,0.0,0.0,0.0,0.0,0.0,0.0,1.0,213,1
0,3,2.2442459824059346,2,1,False,0.0,1.0,1.0,0.0,0.0,0.0,0.0,0.0,390,2
1,3,2.17806441028492,1,1,False,1.0,0.0,1.0,0.0,0.0,0.0,0.0,0.0,589,1
0,3,2.0476928433652555,1,1,False,1.0,0.0,0.0,0.0,0.0,0.0,0.0,1.0,328,1
0,2,4.310799125385514,2,3,True,0.0,1.0,1.0,0.0,0.0,0.0,0.0,0.0,337,2
0,3,2.1855792552411137,2,1,False,0.0,1.0,1.0,0.0,0.0,0.0,0.0,0.0,653,2
0,3,2.803360380906535,1,3,True,1.0,0.0,1.0,0.0,0.0,0.0,0.0,0.0,91,3
0,2,2.639057329615259,2,1,False,0.0,1.0,1.0,0.0,0.0,0.0,0.0,0.0,231,2
0,1,4.738607824217808,0,3,True,0.0,1.0,0.0,0.0,0.0,0.0,1.0,0.0,565,2
1,1,4.902678819257608,2,3,True,0.0,1.0,0.0,0.0,0.0,0.0,1.0,0.0,261,4
0,3,2.1071782966514356,0,1,False,0.0,1.0,0.0,0.0,0.0,0.0,1.0,0.0,46,2
0,1,3.2804411805263554,2,1,False,0.0,1.0,0.0,0.0,0.0,0.0,1.0,0.0,161,2
0,3,2.139571923732859,2,1,False,0.0,1.0,1.0,0.0,0.0,0.0,0.0,0.0,157,2
1,3,2.188856327665703,2,2,False,0.0,1.0,0.0,0.0,0.0,0.0,0.0,1.0,452,2
0,2,4.310799125385514,2,3,True,0.0,1.0,1.0,0.0,0.0,0.0,0.0,0.0,337,2
0,2,2.639057329615259,2,1,False,0.0,1.0,1.0,0.0,0.0,0.0,0.0,0.0,111,2
0,3,2.1719067693519296,2,1,False,0.0,1.0,1.0,0.0,0.0,0.0,0.0,0.0,679,2
0,3,2.2027647577118348,2,1,False,0.0,1.0,0.0,0.0,0.0,0.0,1.0,0.0,168,2
1,1,3.970291913552122,2,2,True,1.0,0.0,1.0,0.0,0.0,0.0,0.0,0.0,784,3
1,2,3.6888794541139363,2,3,True,1.0,0.0,0.0,0.0,0.0,0.0,1.0,0.0,104,3
0,1,3.970291913552122,2,2,False,0.0,1.0,1.0,0.0,0.0,0.0,0.0,0.0,194,2
0,2,2.4423470353692043,2,1,False,0.0,1.0,0.0,0.0,0.0,1.0,0.0,0.0,529,2
1,2,2.639057329615259,2,1,False,0.0,1.0,1.0,0.0,0.0,0.0,0.0,0.0,845,2
0,2,0.0,2,1,False,0.0,1.0,1.0,0.0,0.0,0.0,0.0,0.0,829,2
0,3,2.1719067693519296,2,1,False,0.0,1.0,0.0,0.0,0.0,0.0,0.0,1.0,230,2
0,3,2.2027647577118348,2,1,False,0.0,1.0,1.0,0.0,0.0,0.0,0.0,0.0,710,2
1,3,2.3833998102837652,2,1,False,1.0,0.0,0.0,0.0,0.0,0.0,0.0,1.0,807,1
0,3,3.8691155044168695,2,8,True,1.0,0.0,0.0,0.0,0.0,0.0,1.0,0.0,292,3
1,1,6.240917354759096,0,2,True,0.0,1.0,1.0,0.0,0.0,0.0,0.0,0.0,127,2
0,3,2.212386825075897,1,1,False,1.0,0.0,1.0,0.0,0.0,0.0,0.0,0.0,635,1
1,1,4.353230991152628,0,1,True,0.0,1.0,1.0,0.0,0.0,0.0,0.0,0.0,320,2
0,3,2.3248357019288655,2,1,False,0.0,1.0,0.0,0.0,0.0,0.0,0.0,1.0,596,2
0,3,3.8691155044168695,2,8,True,0.0,1.0,0.0,0.0,0.0,0.0,0.0,1.0,292,2
0,2,3.6888794541139363,2,3,True,0.0,1.0,0.0,0.0,0.0,1.0,0.0,0.0,104,2
0,2,3.7513658711253766,0,4,True,0.0,1.0,1.0,0.0,0.0,0.0,0.0,0.0,428,2
0,3,3.705920919968788,2,6,True,0.0,1.0,0.0,0.0,0.0,0.0,0.0,1.0,609,2
0,3,2.4133032309283076,2,1,False,0.0,1.0,0.0,0.0,0.0,0.0,0.0,1.0,187,2
0,3,2.174274334826008,2,1,False,0.0,1.0,0.0,0.0,0.0,0.0,0.0,1.0,249,2
1,1,5.35817698994543,2,2,True,1.0,0.0,0.0,0.0,0.0,0.0,0.0,1.0,475,1
1,1,4.060443010546419,2,2,True,0.0,1.0,1.0,0.0,0.0,0.0,0.0,0.0,207,2
1,3,2.668387256845834,0,2,False,1.0,0.0,0.0,0.0,1.0,0.0,0.0,0.0,395,1
1,3,4.051711901657239,2,1,True,0.0,1.0,1.0,0.0,0.0,0.0,0.0,0.0,423,2
0,3,2.1071782966514356,0,1,False,0.0,1.0,1.0,0.0,0.0,0.0,0.0,0.0,694,2
0,1,3.3160025355989236,2,1,False,0.0,1.0,0.0,0.0,0.0,1.0,0.0,0.0,832,4
0,2,2.6741486494265287,2,1,False,0.0,1.0,0.0,0.0,0.0,0.0,1.0,0.0,139,2
0,3,2.2027647577118348,2,1,False,0.0,1.0,0.0,0.0,0.0,0.0,1.0,0.0,401,2
1,3,2.167143305297764,1,1,False,1.0,0.0,1.0,0.0,0.0,0.0,0.0,0.0,547,1
0,1,4.717456363787216,0,3,True,0.0,1.0,0.0,0.0,0.0,0.0,1.0,0.0,786,2
0,3,2.157559320943788,2,1,False,0.0,1.0,0.0,0.0,0.0,0.0,1.0,0.0,357,2
1,1,5.4316456135398825,0,2,True,1.0,0.0,0.0,0.0,0.0,0.0,0.0,1.0,37,3
1,1,3.3064287218760624,2,1,False,0.0,1.0,1.0,0.0,0.0,0.0,0.0,0.0,727,2
0,3,2.737880811060884,0,2,True,1.0,0.0,0.0,0.0,0.0,0.0,0.0,1.0,53,1
0,3,2.1681046787623672,1,1,False,0.0,1.0,1.0,0.0,0.0,0.0,0.0,0.0,270,2
0,3,2.180891922715322,2,2,False,0.0,1.0,1.0,0.0,0.0,0.0,0.0,0.0,310,2
0,2,3.295836866004329,2,1,True,0.0,1.0,1.0,0.0,0.0,0.0,0.0,0.0,540,2
1,2,2.6741486494265287,2,1,False,1.0,0.0,0.0,0.0,0.0,0.0,1.0,0.0,401,3
1,1,3.3064287218760624,2,1,False,0.0,1.0,0.0,0.0,0.0,0.0,1.0,0.0,117,2
1,1,5.027492411162679,2,1,True,1.0,0.0,1.0,0.0,0.0,0.0,0.0,0.0,152,1
1,3,2.7878344138303452,0,3,True,0.0,1.0,1.0,0.0,0.0,0.0,0.0,0.0,543,0
1,1,3.922056501139853,0,1,False,1.0,0.0,1.0,0.0,0.0,0.0,0.0,0.0,498,1
0,1,3.3160025355989236,2,1,False,0.0,1.0,1.0,0.0,0.0,0.0,0.0,0.0,412,2
1,1,3.970291913552122,2,2,True,0.0,1.0,0.0,0.0,0.0,0.0,1.0,0.0,784,2
0,3,2.3497835148230464,2,1,False,0.0,1.0,1.0,0.0,0.0,0.0,0.0,0.0,429,2
0,2,2.639057329615259,2,1,True,0.0,1.0,0.0,0.0,0.0,0.0,1.0,0.0,296,2
0,3,2.157559320943788,2,1,False,0.0,1.0,0.0,0.0,0.0,0.0,0.0,1.0,751,2
1,1,5.4316456135398825,0,1,True,1.0,0.0,1.0,0.0,0.0,0.0,0.0,0.0,239,1
1,2,2.4423470353692043,2,1,False,1.0,0.0,1.0,0.0,0.0,0.0,0.0,0.0,804,1
0,3,2.803360380906535,1,1,False,0.0,1.0,1.0,0.0,0.0,0.0,0.0,0.0,506,2
0,3,2.1719067693519296,2,1,False,0.0,1.0,1.0,0.0,0.0,0.0,0.0,0.0,382,2
1,2,3.5263605246161616,2,2,True,1.0,0.0,0.0,0.0,1.0,0.0,0.0,0.0,315,1
0,3,2.086193694502369,2,2,False,0.0,1.0,0.0,0.0,0.0,0.0,0.0,1.0,375,2
0,2,2.639057329615259,2,1,False,0.0,1.0,1.0,0.0,0.0,0.0,0.0,0.0,284,2
0,2,2.639057329615259,2,1,False,0.0,1.0,0.0,0.0,0.0,0.0,1.0,0.0,344,2
1,1,3.9908341858524357,2,2,True,0.0,1.0,1.0,0.0,0.0,0.0,0.0,0.0,138,2
0,3,2.2682524139135403,2,1,False,0.0,1.0,0.0,0.0,0.0,0.0,0.0,1.0,598,2
1,2,3.091042453358316,2,4,True,1.0,0.0,1.0,0.0,0.0,0.0,0.0,0.0,659,3
1,3,2.1676241075599285,1,1,False,1.0,0.0,1.0,0.0,0.0,0.0,0.0,0.0,488,1
0,2,3.295836866004329,2,2,False,0.0,1.0,1.0,0.0,0.0,0.0,0.0,0.0,105,2
0,3,2.188856327665703,2,2,False,1.0,0.0,1.0,0.0,0.0,0.0,0.0,0.0,364,1
1,1,5.35817698994543,2,1,True,1.0,0.0,1.0,0.0,0.0,0.0,0.0,0.0,15,1
0,3,2.9850504252071306,0,1,True,0.0,1.0,0.0,0.0,1.0,0.0,0.0,0.0,321,2
0,2,0.0,2,1,False,0.0,1.0,1.0,0.0,0.0,0.0,0.0,0.0,414,2
0,2,2.639057329615259,2,1,False,0.0,1.0,1.0,0.0,0.0,0.0,0.0,0.0,73,2
0,2,2.639057329615259,2,1,False,0.0,1.0,1.0,0.0,0.0,0.0,0.0,0.0,802,2
0,3,2.8390784635086144,2,1,True,0.0,1.0,1.0,0.0,0.0,0.0,0.0,0.0,850,2
0,3,3.5660053559634015,2,5,True,1.0,0.0,0.0,0.0,0.0,0.0,1.0,0.0,255,3
1,1,6.240917354759096,0,1,True,0.0,1.0,1.0,0.0,0.0,0.0,0.0,0.0,443,2
0,3,2.1855792552411137,2,1,False,0.0,1.0,1.0,0.0,0.0,0.0,0.0,0.0,367,2
0,3,2.1855792552411137,2,1,False,0.0,1.0,1.0,0.0,0.0,0.0,0.0,0.0,557,2
1,1,3.4339872044851463,2,1,False,0.0,1.0,1.0,0.0,0.0,0.0,0.0,0.0,322,2
0,1,4.380149874661021,2,2,True,0.0,1.0,1.0,0.0,0.0,0.0,0.0,0.0,135,2
1,1,5.5735788721243535,0,5,True,1.0,0.0,1.0,0.0,0.0,0.0,0.0,0.0,693,1
0,3,2.8390784635086144,2,2,False,0.0,1.0,1.0,0.0,0.0,0.0,0.0,0.0,512,2
1,3,2.188856327665703,2,1,False,0.0,1.0,1.0,0.0,0.0,0.0,0.0,0.0,771,2
0,1,4.276666119016055,2,3,True,0.0,1.0,0.0,0.0,0.0,1.0,0.0,0.0,180,4
0,3,3.056356895370426,2,3,True,0.0,1.0,0.0,0.0,0.0,0.0,0.0,1.0,1,2
1,2,2.639057329615259,2,1,False,1.0,0.0,1.0,0.0,0.0,0.0,0.0,0.0,732,1
0,1,3.9908341858524357,2,2,False,0.0,1.0,0.0,0.0,0.0,0.0,0.0,1.0,493,2
0,3,2.169053700369523,1,1,False,0.0,1.0,1.0,0.0,0.0,0.0,0.0,0.0,165,2
1,2,3.1780538303479458,2,3,False,1.0,0.0,0.0,0.0,1.0,0.0,0.0,0.0,834,1
1,3,2.600836116795061,2,2,True,0.0,1.0,0.0,0.0,1.0,0.0,0.0,0.0,536,0
0,3,2.3513752571634776,2,1,False,0.0,1.0,1.0,0.0,0.0,0.0,0.0,0.0,813,2
0,3,2.1855792552411137,2,1,False,0.0,1.0,1.0,0.0,0.0,0.0,0.0,0.0,385,2
1,2,4.189654742026425,2,4,True,1.0,0.0,0.0,0.0,0.0,0.0,1.0,0.0,335,3
1,2,2.740840023925201,2,3,True,0.0,1.0,0.0,1.0,0.0,0.0,0.0,0.0,307,0
0,3,2.174274334826008,2,1,False,0.0,1.0,1.0,0.0,0.0,0.0,0.0,0.0,128,2
0,2,2.5257286443082556,2,1,False,0.0,1.0,0.0,0.0,0.0,0.0,0.0,1.0,47,2
0,3,2.2027647577118348,2,1,False,0.0,1.0,1.0,0.0,0.0,0.0,0.0,0.0,787,2
1,1,4.471638793363569,2,1,True,1.0,0.0,1.0,0.0,0.0,0.0,0.0,0.0,686,3
0,3,2.740840023925201,2,1,True,0.0,1.0,1.0,0.0,0.0,0.0,0.0,0.0,271,2
0,3,2.094945728215801,2,1,False,0.0,1.0,0.0,0.0,0.0,0.0,1.0,0.0,573,2
1,3,2.1076888046179385,0,1,False,0.0,1.0,0.0,0.0,0.0,0.0,0.0,1.0,52,2
1,1,4.795790545596741,2,4,True,1.0,0.0,1.0,0.0,0.0,0.0,0.0,0.0,131,3
0,3,2.1719067693519296,2,1,False,0.0,1.0,0.0,0.0,0.0,0.0,0.0,1.0,232,2
1,1,4.368919865004903,2,2,True,1.0,0.0,0.0,0.0,0.0,0.0,1.0,0.0,345,3
0,1,3.703768066607687,0,1,False,0.0,1.0,1.0,0.0,0.0,0.0,0.0,0.0,101,4
0,3,2.169053700369523,1,1,False,1.0,0.0,1.0,0.0,0.0,0.0,0.0,0.0,486,1
0,3,3.224857896545748,1,2,True,0.0,1.0,1.0,0.0,0.0,0.0,0.0,0.0,538,2
0,3,2.236712348843338,2,1,False,0.0,1.0,1.0,0.0,0.0,0.0,0.0,0.0,298,2
0,3,2.3513752571634776,2,1,False,0.0,1.0,1.0,0.0,0.0,0.0,0.0,0.0,447,2
0,3,2.180891922715322,2,1,False,0.0,1.0,0.0,0.0,0.0,0.0,1.0,0.0,375,2
0,2,2.4423470353692043,2,1,True,1.0,0.0,0.0,0.0,0.0,0.0,1.0,0.0,473,3
0,3,2.1071782966514356,0,1,False,0.0,1.0,1.0,0.0,0.0,0.0,0.0,0.0,234,2
1,2,3.1780538303479458,2,5,False,1.0,0.0,0.0,0.0,0.0,0.0,1.0,0.0,343,3
0,3,2.169053700369523,2,1,False,0.0,1.0,0.0,0.0,0.0,0.0,0.0,1.0,551,2
0,3,2.169053700369523,1,1,False,0.0,1.0,1.0,0.0,0.0,0.0,0.0,0.0,793,2
1,3,2.600836116795061,2,1,True,1.0,0.0,0.0,0.0,1.0,0.0,0.0,0.0,236,1
0,3,2.1676241075599285,1,1,False,0.0,1.0,1.0,0.0,0.0,0.0,0.0,0.0,407,2
1,1,5.35817698994543,2,2,True,1.0,0.0,0.0,0.0,0.0,0.0,1.0,0.0,674,3
1,3,2.1076888046179385,0,1,False,1.0,0.0,0.0,0.0,0.0,0.0,0.0,1.0,41,1
1,1,4.060443010546419,2,2,True,1.0,0.0,0.0,0.0,0.0,0.0,0.0,1.0,207,3
0,1,3.4339872044851463,2,1,False,0.0,1.0,1.0,0.0,0.0,0.0,0.0,0.0,461,2
0,3,3.196630215920881,2,4,True,0.0,1.0,1.0,0.0,0.0,0.0,0.0,0.0,383,2
0,3,2.085672091430472,2,1,False,0.0,1.0,1.0,0.0,0.0,0.0,0.0,0.0,14,2
0,3,2.1102132003465894,2,1,False,0.0,1.0,1.0,0.0,0.0,0.0,0.0,0.0,314,2
1,3,2.139571923732859,2,1,False,1.0,0.0,0.0,0.0,0.0,0.0,0.0,1.0,737,1
0,3,3.405355391810819,1,6,True,0.0,1.0,0.0,0.0,1.0,0.0,0.0,0.0,664,0
1,3,3.0715352369694915,2,4,True,0.0,1.0,0.0,1.0,0.0,0.0,0.0,0.0,199,0
0,1,4.384523514872469,0,1,True,0.0,1.0,0.0,0.0,0.0,0.0,1.0,0.0,300,2
0,3,2.169053700369523,1,1,False,0.0,1.0,1.0,0.0,0.0,0.0,0.0,0.0,398,2
0,2,3.295836866004329,2,1,True,0.0,1.0,0.0,0.0,0.0,0.0,0.0,1.0,273,2
0,3,4.256321678298823,2,11,True,1.0,0.0,1.0,0.0,0.0,0.0,0.0,0.0,700,1
0,1,3.4561841799918147,0,1,False,0.0,1.0,1.0,0.0,0.0,0.0,0.0,0.0,356,2
0,3,2.1855792552411137,2,1,False,0.0,1.0,1.0,0.0,0.0,0.0,0.0,0.0,193,2
0,2,2.639057329615259,2,1,False,0.0,1.0,1.0,0.0,0.0,0.0,0.0,0.0,602,2
1,1,3.2932111997353943,2,1,False,1.0,0.0,0.0,0.0,0.0,0.0,1.0,0.0,432,4
1,3,2.270402752283094,2,1,False,1.0,0.0,1.0,0.0,0.0,0.0,0.0,0.0,600,3
0,3,2.1076888046179385,0,1,False,0.0,1.0,1.0,0.0,0.0,0.0,0.0,0.0,360,2
0,3,3.224857896545748,2,3,True,1.0,0.0,1.0,0.0,0.0,0.0,0.0,0.0,811,3
0,2,2.639057329615259,2,1,True,0.0,1.0,1.0,0.0,0.0,0.0,0.0,0.0,647,2
1,2,3.305053521109253,2,3,True,1.0,0.0,1.0,0.0,0.0,0.0,0.0,0.0,162,3
1,1,4.795790545596741,2,4,True,0.0,1.0,0.0,0.0,1.0,0.0,0.0,0.0,131,0
1,3,2.2530481500547457,0,2,False,0.0,1.0,0.0,1.0,0.0,0.0,0.0,0.0,788,0
1,3,2.076311648670908,2,1,False,0.0,1.0,1.0,0.0,0.0,0.0,0.0,0.0,326,2
0,3,2.1719067693519296,2,1,False,0.0,1.0,1.0,0.0,0.0,0.0,0.0,0.0,380,2
0,1,0.0,2,1,False,0.0,1.0,1.0,0.0,0.0,0.0,0.0,0.0,24,2
0,3,2.1719067693519296,2,1,False,1.0,0.0,0.0,0.0,0.0,0.0,0.0,1.0,640,1
0,2,2.639057329615259,2,1,False,0.0,1.0,1.0,0.0,0.0,0.0,0.0,0.0,520,2
1,1,3.9908341858524357,2,2,True,1.0,0.0,1.0,0.0,0.0,0.0,0.0,0.0,138,3
0,3,2.1846457951293594,2,1,False,0.0,1.0,1.0,0.0,0.0,0.0,0.0,0.0,12,2
0,3,3.224857896545748,2,1,True,0.0,1.0,1.0,0.0,0.0,0.0,0.0,0.0,442,2
0,2,2.4423470353692043,2,1,False,0.0,1.0,1.0,0.0,0.0,0.0,0.0,0.0,742,2
0,3,3.4742929367327062,2,7,True,1.0,0.0,0.0,0.0,1.0,0.0,0.0,0.0,21,1
0,3,2.2027647577118348,2,1,False,0.0,1.0,1.0,0.0,0.0,0.0,0.0,0.0,795,2
0,1,0.0,2,1,False,0.0,1.0,1.0,0.0,0.0,0.0,0.0,0.0,265,2
0,3,2.188856327665703,2,1,False,1.0,0.0,1.0,0.0,0.0,0.0,0.0,0.0,330,1
0,2,3.637696679934592,0,3,True,0.0,1.0,1.0,0.0,0.0,0.0,0.0,0.0,484,2
0,3,2.0082140323914683,2,1,False,0.0,1.0,0.0,0.0,0.0,0.0,1.0,0.0,347,2
0,3,3.3638415951183864,2,6,True,0.0,1.0,0.0,0.0,1.0,0.0,0.0,0.0,739,0
1,1,4.548599834499697,2,3,True,1.0,0.0,0.0,0.0,0.0,0.0,1.0,0.0,323,3
1,3,2.2682524139135403,2,1,False,0.0,1.0,1.0,0.0,0.0,0.0,0.0,0.0,466,2
0,1,0.0,2,1,False,0.0,1.0,1.0,0.0,0.0,0.0,0.0,0.0,660,4
1,3,2.600836116795061,2,2,True,1.0,0.0,1.0,0.0,0.0,0.0,0.0,0.0,536,3
0,3,3.705920919968788,2,6,True,0.0,1.0,0.0,1.0,0.0,0.0,0.0,0.0,609,0
0,3,2.0731719286662407,1,1,False,0.0,1.0,1.0,0.0,0.0,0.0,0.0,0.0,252,2
0,3,4.051711901657239,2,1,True,0.0,1.0,1.0,0.0,0.0,0.0,0.0,0.0,423,2
1,2,3.637696679934592,0,3,True,0.0,1.0,0.0,1.0,0.0,0.0,0.0,0.0,484,0
1,3,2.169053700369523,1,1,False,0.0,1.0,1.0,0.0,0.0,0.0,0.0,0.0,501,2
1,1,4.394449154672439,2,1,True,1.0,0.0,0.0,0.0,0.0,1.0,0.0,0.0,767,3
1,3,2.737880811060884,0,2,True,1.0,0.0,0.0,0.0,0.0,0.0,0.0,1.0,859,3
1,2,2.9831534913471307,2,3,True,0.0,1.0,0.0,1.0,0.0,0.0,0.0,0.0,666,0
0,3,2.1076888046179385,0,1,False,0.0,1.0,1.0,0.0,0.0,0.0,0.0,0.0,694,2
0,3,2.180891922715322,2,1,False,0.0,1.0,1.0,0.0,0.0,0.0,0.0,0.0,40,2
0,3,2.2300144001592104,2,1,False,0.0,1.0,0.0,0.0,0.0,0.0,0.0,1.0,17,2
1,1,4.432699549165613,0,3,False,1.0,0.0,1.0,0.0,0.0,0.0,0.0,0.0,163,1
0,3,2.2682524139135403,2,1,False,0.0,1.0,1.0,0.0,0.0,0.0,0.0,0.0,615,2
0,3,2.2027647577118348,2,1,False,0.0,1.0,1.0,0.0,0.0,0.0,0.0,0.0,734,2
1,3,4.051711901657239,2,1,True,0.0,1.0,1.0,0.0,0.0,0.0,0.0,0.0,145,2
1,1,3.4242626545931514,0,1,False,0.0,1.0,1.0,0.0,0.0,0.0,0.0,0.0,490,2
0,3,2.188856327665703,2,1,False,0.0,1.0,0.0,0.0,0.0,0.0,0.0,1.0,13,2
0,2,2.4423470353692043,2,1,True,0.0,1.0,0.0,0.0,0.0,0.0,0.0,1.0,546,2
1,1,3.4657359027997265,0,1,True,1.0,0.0,1.0,0.0,0.0,0.0,0.0,0.0,716,1
0,3,2.006534770871748,0,1,False,0.0,1.0,1.0,0.0,0.0,0.0,0.0,0.0,438,2
0,3,2.2682524139135403,2,1,False,0.0,1.0,0.0,0.0,0.0,0.0,0.0,1.0,181,2
0,3,2.145931282948669,2,1,False,0.0,1.0,0.0,0.0,0.0,0.0,1.0,0.0,0,2
0,3,4.256321678298823,2,11,True,0.0,1.0,1.0,0.0,0.0,0.0,0.0,0.0,700,2
0,3,2.1855792552411137,0,1,False,0.0,1.0,1.0,0.0,0.0,0.0,0.0,0.0,491,2
0,2,3.5263605246161616,2,2,True,0.0,1.0,1.0,0.0,0.0,0.0,0.0,0.0,315,4
1,1,4.500966778400217,0,2,True,1.0,0.0,1.0,0.0,0.0,0.0,0.0,0.0,288,3
0,3,3.4742929367327062,2,7,True,0.0,1.0,0.0,0.0,1.0,0.0,0.0,0.0,21,0
0,3,2.1719067693519296,2,1,False,0.0,1.0,0.0,0.0,0.0,1.0,0.0,0.0,779,2
0,3,2.7878344138303452,0,3,True,1.0,0.0,0.0,0.0,1.0,0.0,0.0,0.0,90,1
1,1,3.6988297849671046,2,2,False,1.0,0.0,0.0,0.0,0.0,0.0,0.0,1.0,455,1
0,2,3.295836866004329,2,2,True,1.0,0.0,0.0,0.0,0.0,0.0,1.0,0.0,131,3
1,3,2.336986519711378,2,2,False,1.0,0.0,0.0,0.0,0.0,0.0,0.0,1.0,9,3
1,1,5.11118445372147,2,3,True,1.0,0.0,0.0,0.0,0.0,0.0,1.0,0.0,841,3
1,1,3.3160025355989236,2,1,False,0.0,1.0,0.0,0.0,0.0,0.0,1.0,0.0,188,2
1,3,3.0085645861193133,0,4,True,1.0,0.0,1.0,0.0,0.0,0.0,0.0,0.0,44,3
0,3,2.1076888046179385,0,1,False,0.0,1.0,1.0,0.0,0.0,0.0,0.0,0.0,655,2
0,3,2.7152442616824506,2,3,False,0.0,1.0,0.0,0.0,0.0,0.0,1.0,0.0,310,2
0,2,2.5257286443082556,2,2,False,0.0,1.0,1.0,0.0,0.0,0.0,0.0,0.0,281,2
1,1,3.2932111997353943,2,1,False,1.0,0.0,0.0,0.0,0.0,0.0,1.0,0.0,782,3
0,3,4.256321678298823,2,11,True,1.0,0.0,1.0,0.0,0.0,0.0,0.0,0.0,700,1
0,2,2.639057329615259,2,1,False,0.0,1.0,1.0,0.0,0.0,0.0,0.0,0.0,283,2
1,2,2.639057329615259,2,1,False,1.0,0.0,0.0,0.0,0.0,0.0,1.0,0.0,114,3
1,2,2.698558631668595,0,2,False,1.0,0.0,1.0,0.0,0.0,0.0,0.0,0.0,227,1
0,1,3.941500250945973,2,1,False,0.0,1.0,1.0,0.0,0.0,0.0,0.0,0.0,676,2
0,3,2.3513752571634776,2,1,False,0.0,1.0,1.0,0.0,0.0,0.0,0.0,0.0,874,2
1,3,2.4959537387180646,2,3,True,0.0,1.0,0.0,0.0,1.0,0.0,0.0,0.0,382,0
0,3,2.1855792552411137,2,1,False,0.0,1.0,1.0,0.0,0.0,0.0,0.0,0.0,49,2
1,1,3.9806942251907276,2,3,True,1.0,0.0,0.0,0.0,0.0,0.0,1.0,0.0,67,3
0,1,1.791759469228055,2,1,False,0.0,1.0,1.0,0.0,0.0,0.0,0.0,0.0,128,2
0,3,2.302585092994046,2,1,False,0.0,1.0,0.0,0.0,0.0,0.0,1.0,0.0,816,2
1,2,3.2188758248682006,0,2,True,1.0,0.0,1.0,0.0,0.0,0.0,0.0,0.0,3,3
1,3,2.1071782966514356,0,1,False,1.0,0.0,0.0,0.0,0.0,0.0,0.0,1.0,554,1
0,3,2.3837779082709787,2,1,True,0.0,1.0,0.0,0.0,0.0,0.0,0.0,1.0,301,2
0,3,2.1855792552411137,2,1,False,0.0,1.0,0.0,0.0,0.0,0.0,0.0,1.0,638,2
0,3,2.1855792552411137,2,1,False,0.0,1.0,1.0,0.0,0.0,0.0,0.0,0.0,422,2
1,1,4.432699549165613,0,2,True,1.0,0.0,0.0,0.0,0.0,0.0,1.0,0.0,650,3
1,2,3.295836866004329,2,2,True,1.0,0.0,1.0,0.0,0.0,0.0,0.0,0.0,722,3
0,3,2.1855792552411137,2,1,False,0.0,1.0,1.0,0.0,0.0,0.0,0.0,0.0,492,2
0,3,2.4437981558973862,2,1,False,1.0,0.0,1.0,0.0,0.0,0.0,0.0,0.0,186,1
0,2,2.4423470353692043,2,1,False,0.0,1.0,1.0,0.0,0.0,0.0,0.0,0.0,51,2
0,3,2.085672091430472,2,1,False,0.0,1.0,1.0,0.0,0.0,0.0,0.0,0.0,777,2
0,3,3.405355391810819,1,6,True,1.0,0.0,1.0,0.0,0.0,0.0,0.0,0.0,664,3
0,2,2.639057329615259,2,1,False,0.0,1.0,1.0,0.0,0.0,0.0,0.0,0.0,535,4
1,1,3.4339872044851463,2,1,False,1.0,0.0,0.0,0.0,0.0,0.0,0.0,1.0,294,1
0,3,3.196630215920881,2,4,True,1.0,0.0,1.0,0.0,0.0,0.0,0.0,0.0,383,1
1,1,3.4339872044851463,0,1,False,0.0,1.0,1.0,0.0,0.0,0.0,0.0,0.0,69,2
0,3,2.169053700369523,1,1,False,0.0,1.0,1.0,0.0,0.0,0.0,0.0,0.0,214,2
